0.150000000000   15.000000000000   0.250000000000   3.046279835657   100.000000000000   0.292944348055   -0.399447757275   0.444431264887   1.454657499991
0.200000000000   15.000000000000   0.250000000000   3.046279835657   100.000000000000   0.306925263107   -0.383954884109   0.445022867047   1.445795026732
0.250000000000   15.000000000000   0.250000000000   3.046279835657   100.000000000000   0.319110883620   -0.370955155761   0.446069318886   1.439872374420
0.300000000000   15.000000000000   0.250000000000   3.046279835657   100.000000000000   0.330033169350   -0.359686814808   0.447417286566   1.436027473024
0.350000000000   15.000000000000   0.250000000000   3.046279835657   100.000000000000   0.340350310202   -0.349745370418   0.448987174529   1.433784884960
0.400000000000   15.000000000000   0.250000000000   3.046279835657   100.000000000000   0.349853509960   -0.340862699630   0.450732199728   1.432854694189
0.450000000000   15.000000000000   0.250000000000   3.046279835657   100.000000000000   0.358697978555   -0.332868991315   0.452622440691   1.433047929542
0.500000000000   15.000000000000   0.250000000000   3.046279835657   100.000000000000   0.366996581083   -0.325622802189   0.454637638361   1.434235664012
0.550000000000   15.000000000000   0.250000000000   3.046279835657   100.000000000000   0.374834272845   -0.319020931420   0.456763565738   1.436327121797
0.600000000000   15.000000000000   0.250000000000   3.046279835657   100.000000000000   0.382276782515   -0.313004456057   0.458990013353   1.439257000224
0.650000000000   15.000000000000   0.250000000000   3.046279835657   100.000000000000   0.389376113630   -0.307494735954   0.461309568892   1.442977646169
0.700000000000   15.000000000000   0.250000000000   3.046279835657   100.000000000000   0.396188559081   -0.302447587253   0.463716819212   1.447453970280
0.750000000000   15.000000000000   0.250000000000   3.046279835657   100.000000000000   0.402870250436   -0.297834801621   0.466207797168   1.452659998459
0.800000000000   15.000000000000   0.250000000000   3.046279835657   100.000000000000   0.409299596232   -0.293599298826   0.468779583431   1.458576453823
0.850000000000   15.000000000000   0.250000000000   3.046279835657   100.000000000000   0.415502185713   -0.289732398913   0.471430014142   1.465189016390
0.900000000000   15.000000000000   0.250000000000   3.046279835657   100.000000000000   0.421499712999   -0.286205065006   0.474157464783   1.472487045096
0.950000000000   15.000000000000   0.250000000000   3.046279835657   100.000000000000   0.427310742062   -0.282984140970   0.476960690465   1.480462624542
1.000000000000   15.000000000000   0.250000000000   3.046279835657   100.000000000000   0.432951291122   -0.280052112792   0.479838708442   1.489109845250
1.050000000000   15.000000000000   0.250000000000   3.046279835657   100.000000000000   0.438435285424   -0.277396872183   0.482790712157   1.498424254828
1.100000000000   15.000000000000   0.250000000000   3.046279835657   100.000000000000   0.443774912483   -0.275016621152   0.485816008730   1.508402436091
1.150000000000   15.000000000000   0.250000000000   3.046279835657   100.000000000000   0.448980903984   -0.272881945871   0.488913973693   1.519041680644
1.200000000000   15.000000000000   0.250000000000   3.046279835657   100.000000000000   0.454062761835   -0.270981404899   0.492084018346   1.530339735090
1.250000000000   15.000000000000   0.250000000000   3.046279835657   100.000000000000   0.459028941193   -0.269304466366   0.495325566285   1.542294603112
1.300000000000   15.000000000000   0.250000000000   3.046279835657   100.000000000000   0.463886999973   -0.267841361038   0.498638036580   1.554904391022
1.350000000000   15.000000000000   0.250000000000   3.046279835657   100.000000000000   0.468643722031   -0.266582958048   0.502020831766   1.568167187556
1.400000000000   15.000000000000   0.250000000000   3.046279835657   100.000000000000   0.473305219424   -0.265520659465   0.505473329347   1.582080970834
1.450000000000   15.000000000000   0.250000000000   3.046279835657   100.000000000000   0.477877017957   -0.264646310812   0.508994875866   1.596643536950
1.500000000000   15.000000000000   0.250000000000   3.046279835657   100.000000000000   0.482364129212   -0.263952599200   0.512584782864   1.611852445708
1.550000000000   15.000000000000   0.250000000000   3.046279835657   100.000000000000   0.486771111606   -0.263447137299   0.516242324250   1.627704979743
1.600000000000   15.000000000000   0.250000000000   3.046279835657   100.000000000000   0.491102122433   -0.263108693465   0.519966734749   1.644198113862
1.650000000000   15.000000000000   0.250000000000   3.046279835657   100.000000000000   0.495360962493   -0.262930451008   0.523757209189   1.661328491896
1.700000000000   15.000000000000   0.250000000000   3.046279835657   100.000000000000   0.499551114541   -0.262905745930   0.527612902486   1.679092408948
1.750000000000   15.000000000000   0.250000000000   3.046279835657   100.000000000000   0.503675776584   -0.263028038540   0.531532930231   1.697485797338
1.800000000000   15.000000000000   0.250000000000   3.046279835657   100.000000000000   0.507748202669   -0.263290892199   0.535516369859   1.716504215255
1.850000000000   15.000000000000   0.250000000000   3.046279835657   100.000000000000   0.511769834391   -0.263687958541   0.539562262389   1.736142837440
1.900000000000   15.000000000000   0.250000000000   3.046279835657   100.000000000000   0.515731368894   -0.264212968594   0.543669614767   1.756396447804
1.950000000000   15.000000000000   0.250000000000   3.046279835657   100.000000000000   0.519635218088   -0.264859729253   0.547837402862   1.777259434264
2.000000000000   15.000000000000   0.250000000000   3.046279835657   100.000000000000   0.523483612441   -0.265640497491   0.552064575133   1.798725786190
2.050000000000   15.000000000000   0.250000000000   3.046279835657   100.000000000000   0.527278617319   -0.266545984143   0.556350057026   1.820789095149
2.100000000000   15.000000000000   0.250000000000   3.046279835657   100.000000000000   0.531022147527   -0.267558053288   0.560692756096   1.843442559485
2.150000000000   15.000000000000   0.250000000000   3.046279835657   100.000000000000   0.534715980279   -0.268670890466   0.565091567863   1.866678993209
2.200000000000   15.000000000000   0.250000000000   3.046279835657   100.000000000000   0.538361766796   -0.269878782718   0.569545382380   1.890490839764
2.250000000000   15.000000000000   0.250000000000   3.046279835657   100.000000000000   0.541961042708   -0.271176136210   0.574053091458   1.914870190607
2.300000000000   15.000000000000   0.250000000000   3.046279835657   100.000000000000   0.545515237371   -0.272557495204   0.578613596496   1.939808808657
2.350000000000   15.000000000000   0.250000000000   3.046279835657   100.000000000000   0.549025682247   -0.274051009210   0.583225816820   1.965298156449
2.400000000000   15.000000000000   0.250000000000   3.046279835657   100.000000000000   0.552493618419   -0.275633808437   0.587888698452   1.991329428336
2.450000000000   15.000000000000   0.250000000000   3.046279835657   100.000000000000   0.555920203332   -0.277288226374   0.592601223196   2.017893586374
2.500000000000   15.000000000000   0.250000000000   3.046279835657   100.000000000000   0.559306516840   -0.279009485763   0.597362417960   2.044981399102
2.550000000000   15.000000000000   0.250000000000   3.046279835657   100.000000000000   0.562653566609   -0.280793032341   0.602171364171   2.072583482168
2.600000000000   15.000000000000   0.250000000000   3.046279835657   100.000000000000   0.565962292943   -0.282634551773   0.607027207249   2.100690340601
2.650000000000   15.000000000000   0.250000000000   3.046279835657   100.000000000000   0.569233573069   -0.284588879792   0.611929165981   2.129292411333
2.700000000000   15.000000000000   0.250000000000   3.046279835657   100.000000000000   0.572477461034   -0.286596087120   0.616876541789   2.158380106096
2.750000000000   15.000000000000   0.250000000000   3.046279835657   100.000000000000   0.575697781810   -0.288652527786   0.621868727745   2.187943853494
2.800000000000   15.000000000000   0.250000000000   3.046279835657   100.000000000000   0.578884957207   -0.290754867656   0.626905217334   2.217974140469
2.850000000000   15.000000000000   0.250000000000   3.046279835657   100.000000000000   0.582039640827   -0.292900061395   0.631985611927   2.248461551955
2.900000000000   15.000000000000   0.250000000000   3.046279835657   100.000000000000   0.585162440142   -0.295130492691   0.637109632252   2.279396811250
2.950000000000   15.000000000000   0.250000000000   3.046279835657   100.000000000000   0.588253917884   -0.297423324717   0.642277121070   2.310770814332
3.000000000000   15.000000000000   0.250000000000   3.046279835657   100.000000000000   0.591314593590   -0.299753949853   0.647488053374   2.342574665599
3.050000000000   15.000000000000   0.250000000000   3.046279835657   100.000000000000   0.594344944660   -0.302120389423   0.652742542275   2.374799708372
3.100000000000   15.000000000000   0.250000000000   3.046279835657   100.000000000000   0.597345407208   -0.304520954346   0.658040845202   2.407437552353
3.150000000000   15.000000000000   0.250000000000   3.046279835657   100.000000000000   0.600316376695   -0.306999493811   0.663383369697   2.440480096146
3.200000000000   15.000000000000   0.250000000000   3.046279835657   100.000000000000   0.603258208149   -0.309541321089   0.668770674997   2.473919543070
3.250000000000   15.000000000000   0.250000000000   3.046279835657   100.000000000000   0.606171217250   -0.312115892123   0.674203492557   2.507748420179
3.300000000000   15.000000000000   0.250000000000   3.046279835657   100.000000000000   0.609055679075   -0.314722517746   0.679682705724   2.541959574209
3.350000000000   15.000000000000   0.250000000000   3.046279835657   100.000000000000   0.611911829238   -0.317360771984   0.685209376377   2.576546183477
3.400000000000   15.000000000000   0.250000000000   3.046279835657   100.000000000000   0.614739863226   -0.320074499727   0.690784740134   2.611501752309
3.450000000000   15.000000000000   0.250000000000   3.046279835657   100.000000000000   0.617539936356   -0.322858457894   0.696410215105   2.646820109482
3.500000000000   15.000000000000   0.250000000000   3.046279835657   100.000000000000   0.620312163062   -0.325676071207   0.702087399815   2.682495401625
3.550000000000   15.000000000000   0.250000000000   3.046279835657   100.000000000000   0.623056617736   -0.328527817536   0.707818103302   2.718522100784
3.600000000000   15.000000000000   0.250000000000   3.046279835657   100.000000000000   0.625773331744   -0.331414396483   0.713604302423   2.754894985228
3.650000000000   15.000000000000   0.250000000000   3.046279835657   100.000000000000   0.628462295328   -0.334383287337   0.719448196731   2.791609164584
3.700000000000   15.000000000000   0.250000000000   3.046279835657   100.000000000000   0.631123455457   -0.337430529902   0.725352185971   2.828660077996
3.750000000000   15.000000000000   0.250000000000   3.046279835657   100.000000000000   0.633756715601   -0.340517727665   0.731318887502   2.866043512916
3.800000000000   15.000000000000   0.250000000000   3.046279835657   100.000000000000   0.636361933047   -0.343646351457   0.737351105535   2.903755609685
3.850000000000   15.000000000000   0.250000000000   3.046279835657   100.000000000000   0.638938920247   -0.346818055907   0.743451884249   2.941792901402
3.900000000000   15.000000000000   0.250000000000   3.046279835657   100.000000000000   0.641487441783   -0.350076805182   0.749624472787   2.980152319285
3.950000000000   15.000000000000   0.250000000000   3.046279835657   100.000000000000   0.644007213543   -0.353433174442   0.755872336098   3.018831213541
4.000000000000   15.000000000000   0.250000000000   3.046279835657   100.000000000000   0.646497901269   -0.356840151486   0.762199152782   3.057827363837
4.050000000000   15.000000000000   0.250000000000   3.046279835657   100.000000000000   0.648959119108   -0.360299835894   0.768608812610   3.097138980664
4.100000000000   15.000000000000   0.250000000000   3.046279835657   100.000000000000   0.651390428303   -0.363814390629   0.775105415083   3.136764694786
4.150000000000   15.000000000000   0.250000000000   3.046279835657   100.000000000000   0.653795142977   -0.367424899711   0.781693268785   3.176703532957
4.200000000000   15.000000000000   0.250000000000   3.046279835657   100.000000000000   0.656252490853   -0.371154139754   0.788376891460   3.216954876500
4.250000000000   15.000000000000   0.250000000000   3.046279835657   100.000000000000   0.658680615141   -0.374946719706   0.795161011391   3.257518403185
4.300000000000   15.000000000000   0.250000000000   3.046279835657   100.000000000000   0.661078817360   -0.378804840645   0.802050571451   3.298394011532
4.350000000000   15.000000000000   0.250000000000   3.046279835657   100.000000000000   0.663446334112   -0.382730699205   0.809050736667   3.339581729614
4.400000000000   15.000000000000   0.250000000000   3.046279835657   100.000000000000   0.665782336749   -0.386758834168   0.816166905704   3.381081609559
4.450000000000   15.000000000000   0.250000000000   3.046279835657   100.000000000000   0.668085931484   -0.390931008063   0.823404726661   3.422893611708
4.500000000000   15.000000000000   0.250000000000   3.046279835657   100.000000000000   0.670356159949   -0.395179637341   0.830770117632   3.465017482094
4.550000000000   15.000000000000   0.250000000000   3.046279835657   100.000000000000   0.672592000217   -0.399507087240   0.838269292432   3.507452627487
4.600000000000   15.000000000000   0.250000000000   3.046279835657   100.000000000000   0.674792368260   -0.403915871641   0.845908791581   3.550197994209
4.650000000000   15.000000000000   0.250000000000   3.046279835657   100.000000000000   0.676956119804   -0.408441374254   0.853695518361   3.593251955173
4.700000000000   15.000000000000   0.250000000000   3.046279835657   100.000000000000   0.679082052532   -0.413132935307   0.861636779482   3.636612210980
4.750000000000   15.000000000000   0.250000000000   3.046279835657   100.000000000000   0.681168908578   -0.417917356223   0.869740329685   3.680275709829
4.800000000000   15.000000000000   0.250000000000   3.046279835657   100.000000000000   0.683215377262   -0.422798525843   0.878014419478   3.724238591600
4.850000000000   15.000000000000   0.250000000000   3.046279835657   100.000000000000   0.685220098013   -0.427780892973   0.886467844847   3.768496158942
4.900000000000   15.000000000000   0.250000000000   3.046279835657   100.000000000000   0.687181663450   -0.432914239770   0.895109997644   3.813042879292
4.950000000000   15.000000000000   0.250000000000   3.046279835657   100.000000000000   0.689098622623   -0.438236591319   0.903950915057   3.857872420058
5.000000000000   15.000000000000   0.250000000000   3.046279835657   100.000000000000   0.691068283857   -0.443680949635   0.913001326309   3.902977716814
5.050000000000   15.000000000000   0.250000000000   3.046279835657   100.000000000000   0.693024109359   -0.449255057087   0.922272694655   3.948351075961
5.100000000000   15.000000000000   0.250000000000   3.046279835657   100.000000000000   0.694931778701   -0.454967653915   0.931777252595   3.993984309826
5.150000000000   15.000000000000   0.250000000000   3.046279835657   100.000000000000   0.696789422373   -0.460918219040   0.941528028032   4.039868901619
5.200000000000   15.000000000000   0.250000000000   3.046279835657   100.000000000000   0.698595119272   -0.467074908483   0.951538859076   4.085996198025
5.250000000000   15.000000000000   0.250000000000   3.046279835657   100.000000000000   0.700346900926   -0.473407200967   0.961824395078   4.132357624074
5.300000000000   15.000000000000   0.250000000000   3.046279835657   100.000000000000   0.702042757075   -0.479928386381   0.972400081461   4.178944915468
5.350000000000   15.000000000000   0.250000000000   3.046279835657   100.000000000000   0.703680643097   -0.486696188848   0.983282126038   4.225750362811
5.400000000000   15.000000000000   0.250000000000   3.046279835657   100.000000000000   0.705258489854   -0.493792818316   0.994487444549   4.272767060254
5.450000000000   15.000000000000   0.250000000000   3.046279835657   100.000000000000   0.706774216601   -0.501130210292   1.006033583465   4.319989152372
5.500000000000   15.000000000000   0.250000000000   3.046279835657   100.000000000000   0.708225747646   -0.508725533135   1.017938618397   4.367412071139
5.550000000000   15.000000000000   0.250000000000   3.046279835657   100.000000000000   0.709611033505   -0.516650154253   1.030221026922   4.415032755482
5.600000000000   15.000000000000   0.250000000000   3.046279835657   100.000000000000   0.710962938408   -0.524992655653   1.042899535306   4.462849846411
5.650000000000   15.000000000000   0.250000000000   3.046279835657   100.000000000000   0.712362708987   -0.533654773724   1.055992939340   4.510863849675
5.700000000000   15.000000000000   0.250000000000   3.046279835657   100.000000000000   0.713687143649   -0.542654635485   1.069519900512   4.559077260309
5.750000000000   15.000000000000   0.250000000000   3.046279835657   100.000000000000   0.714933819915   -0.552159358586   1.083498719792   4.607494642933
5.800000000000   15.000000000000   0.250000000000   3.046279835657   100.000000000000   0.716100480346   -0.562096205542   1.097947092479   4.656122663528
5.850000000000   15.000000000000   0.250000000000   3.046279835657   100.000000000000   0.717185094795   -0.572430382708   1.112881848890   4.704970071025
5.900000000000   15.000000000000   0.250000000000   3.046279835657   100.000000000000   0.718185930812   -0.583300674021   1.128318687039   4.754047626312
5.950000000000   15.000000000000   0.250000000000   3.046279835657   100.000000000000   0.719101631395   -0.594707864485   1.144271904663   4.803367982139
6.000000000000   15.000000000000   0.250000000000   3.046279835657   100.000000000000   0.719931298714   -0.606560140877   1.160754138299   4.852945515583
6.050000000000   15.000000000000   0.250000000000   3.046279835657   100.000000000000   0.720674581814   -0.619033962624   1.177776117636   4.902796119980
6.100000000000   15.000000000000   0.250000000000   3.046279835657   100.000000000000   0.721331765701   -0.632065531134   1.195346445678   4.952936963715
6.150000000000   15.000000000000   0.250000000000   3.046279835657   100.000000000000   0.721903858596   -0.645569599868   1.213471413073   5.003386225455
6.200000000000   15.000000000000   0.250000000000   3.046279835657   100.000000000000   0.722392673590   -0.659833187115   1.232154851555   5.054162815318
6.250000000000   15.000000000000   0.250000000000   3.046279835657   100.000000000000   0.722800900642   -0.674578653162   1.251398037503   5.105286093925
6.300000000000   15.000000000000   0.250000000000   3.046279835657   100.000000000000   0.723132164565   -0.689964577275   1.271199647986   5.156775600274
6.350000000000   15.000000000000   0.250000000000   3.046279835657   100.000000000000   0.723391064667   -0.705970556394   1.291555769283   5.208650796036
6.400000000000   15.000000000000   0.250000000000   3.046279835657   100.000000000000   0.723632875863   -0.722510291944   1.312459965226   5.260930839335
6.450000000000   15.000000000000   0.250000000000   3.046279835657   100.000000000000   0.723798175207   -0.739774176383   1.333903393607   5.313634389282
6.500000000000   15.000000000000   0.250000000000   3.046279835657   100.000000000000   0.723892732837   -0.757485813311   1.355874974495   5.366779450823
6.550000000000   15.000000000000   0.250000000000   3.046279835657   100.000000000000   0.723924527306   -0.775981024704   1.378361600692   5.420383259113
6.600000000000   15.000000000000   0.250000000000   3.046279835657   100.000000000000   0.723902538741   -0.794901410775   1.401348375387   5.474462203337
6.650000000000   15.000000000000   0.250000000000   3.046279835657   100.000000000000   0.723836639365   -0.814539779482   1.424818879022   5.529031789193
6.700000000000   15.000000000000   0.250000000000   3.046279835657   100.000000000000   0.723763311300   -0.834625807954   1.448755486620   5.584106648295
6.750000000000   15.000000000000   0.250000000000   3.046279835657   100.000000000000   0.723718475938   -0.855380683982   1.473139585711   5.639700543892
6.800000000000   15.000000000000   0.250000000000   3.046279835657   100.000000000000   0.723679922057   -0.876580220466   1.497951936289   5.695826445911
6.850000000000   15.000000000000   0.250000000000   3.046279835657   100.000000000000   0.723658189884   -0.898406204142   1.523172885692   5.752496581803
6.900000000000   15.000000000000   0.250000000000   3.046279835657   100.000000000000   0.723663443215   -0.920664687965   1.548782677170   5.809722533438
6.950000000000   15.000000000000   0.250000000000   3.046279835657   100.000000000000   0.723705232629   -0.943521849030   1.574761618891   5.867515302456
7.000000000000   15.000000000000   0.250000000000   3.046279835657   100.000000000000   0.723792265346   -0.966783991196   1.601090341140   5.925885411739
7.050000000000   15.000000000000   0.250000000000   3.046279835657   100.000000000000   0.723932191649   -0.990618051920   1.627749920613   5.984842968655
7.100000000000   15.000000000000   0.250000000000   3.046279835657   100.000000000000   0.724131416064   -1.014832879195   1.654722041687   6.044397741027
7.150000000000   15.000000000000   0.250000000000   3.046279835657   100.000000000000   0.727257070875   -1.039603291956   1.681989080233   6.104559206001
7.200000000000   15.000000000000   0.250000000000   3.046279835657   100.000000000000   0.730432164233   -1.064723279502   1.709534161720   6.165336586533
7.250000000000   15.000000000000   0.250000000000   3.046279835657   100.000000000000   0.733609794067   -1.090375584650   1.737341198704   6.226738875017
7.300000000000   15.000000000000   0.250000000000   3.046279835657   100.000000000000   0.736789250919   -1.116359813486   1.765394877576   6.288774834322
7.350000000000   15.000000000000   0.250000000000   3.046279835657   100.000000000000   0.739969799432   -1.142857218262   1.793680626248   6.351452985718
7.400000000000   15.000000000000   0.250000000000   3.046279835657   100.000000000000   0.743150683175   -1.169668302260   1.822184553414   6.414781581164
7.450000000000   15.000000000000   0.250000000000   3.046279835657   100.000000000000   0.746331129680   -1.196956708883   1.850893366219   6.478768563866
7.500000000000   15.000000000000   0.250000000000   3.046279835657   100.000000000000   0.749510355797   -1.224562704783   1.879794270359   6.543421518552
7.550000000000   15.000000000000   0.250000000000   3.046279835657   100.000000000000   0.752687573181   -1.252606592039   1.908874856960   6.608747615623
7.600000000000   15.000000000000   0.250000000000   3.046279835657   100.000000000000   0.755861993905   -1.280976622494   1.938122984017   6.674753552365
7.650000000000   15.000000000000   0.250000000000   3.046279835657   100.000000000000   0.759032836133   -1.309717394125   1.967526649320   6.741445492456
7.700000000000   15.000000000000   0.250000000000   3.046279835657   100.000000000000   0.762199329737   -1.338823143072   1.997073867221   6.808829008366
7.750000000000   15.000000000000   0.250000000000   3.046279835657   100.000000000000   0.765360721849   -1.368220743131   2.026752548513   6.876909027504
7.800000000000   15.000000000000   0.250000000000   3.046279835657   100.000000000000   0.768516282170   -1.398031631908   2.056550386281   6.945689784238
7.850000000000   15.000000000000   0.250000000000   3.046279835657   100.000000000000   0.771665308157   -1.428016317410   2.086454749740   7.015174776224
7.900000000000   15.000000000000   0.250000000000   3.046279835657   100.000000000000   0.774807129783   -1.458501212203   2.116452588173   7.085366728938
7.950000000000   15.000000000000   0.250000000000   3.046279835657   100.000000000000   0.777941114071   -1.489080631358   2.146530343938   7.156267563053
8.000000000000   15.000000000000   0.250000000000   3.046279835657   100.000000000000   0.781066669146   -1.520145019783   2.176673875539   7.227878368360
8.050000000000   15.000000000000   0.250000000000   3.046279835657   100.000000000000   0.784183247920   -1.551344772088   2.206868389073   7.300199378692
8.100000000000   15.000000000000   0.250000000000   3.046279835657   100.000000000000   0.787304675745   -1.582836620866   2.237098377633   7.373229949725
8.150000000000   15.000000000000   0.250000000000   3.046279835657   100.000000000000   0.790463500404   -1.614614887880   2.267347567345   7.446968536889
8.200000000000   15.000000000000   0.250000000000   3.046279835657   100.000000000000   0.793616406952   -1.646463554697   2.297598868514   7.521412670970
8.250000000000   15.000000000000   0.250000000000   3.046279835657   100.000000000000   0.796762914373   -1.678770205267   2.327834331909   7.596558934874
8.300000000000   15.000000000000   0.250000000000   3.046279835657   100.000000000000   0.799902586382   -1.711093868129   2.358035108063   7.672402934359
8.350000000000   15.000000000000   0.250000000000   3.046279835657   100.000000000000   0.803035033144   -1.743643491766   2.388181410828   7.748939270712
8.400000000000   15.000000000000   0.250000000000   3.046279835657   100.000000000000   0.806159912581   -1.776412323113   2.418252483783   7.826161508200
8.450000000000   15.000000000000   0.250000000000   3.046279835657   100.000000000000   0.809276931163   -1.809149422951   2.448226570663   7.904062142082
8.500000000000   15.000000000000   0.250000000000   3.046279835657   100.000000000000   0.812385844169   -1.842222904098   2.478080890452   7.982632567774
8.550000000000   15.000000000000   0.250000000000   3.046279835657   100.000000000000   0.815486455538   -1.875301860413   2.507791616870   8.061863047079
8.600000000000   15.000000000000   0.250000000000   3.046279835657   100.000000000000   0.818578617108   -1.908305745354   2.537333865211   8.141742683536
8.650000000000   15.000000000000   0.250000000000   3.046279835657   100.000000000000   0.821662227484   -1.941643959826   2.566681685189   8.222259396132
8.700000000000   15.000000000000   0.250000000000   3.046279835657   100.000000000000   0.824737230400   -1.974853055569   2.595808062395   8.303399902706
8.750000000000   15.000000000000   0.250000000000   3.046279835657   100.000000000000   0.827803612661   -2.007955522975   2.624684928359   8.385149710627
8.800000000000   15.000000000000   0.250000000000   3.046279835657   100.000000000000   0.830861401798   -2.041285154895   2.653283178759   8.467493111717
8.850000000000   15.000000000000   0.250000000000   3.046279835657   100.000000000000   0.833910663288   -2.074411650828   2.681572701805   8.550413194041
8.900000000000   15.000000000000   0.250000000000   3.046279835657   100.000000000000   0.836951497637   -2.107304183319   2.709522413825   8.633891857127
8.950000000000   15.000000000000   0.250000000000   3.046279835657   100.000000000000   0.839984037224   -2.140386881849   2.737100302970   8.717909841740
9.000000000000   15.000000000000   0.250000000000   3.046279835657   100.000000000000   0.843008443028   -2.173189360698   2.764273479051   8.802446771011
9.050000000000   15.000000000000   0.250000000000   3.046279835657   100.000000000000   0.846024901391   -2.205672269329   2.791008226561   8.887481196387
9.100000000000   15.000000000000   0.250000000000   3.046279835657   100.000000000000   0.849033620718   -2.238128537736   2.817270061005   8.972990661935
9.150000000000   15.000000000000   0.250000000000   3.046279835657   100.000000000000   0.852034828359   -2.270336704084   2.843023783501   9.058951772465
9.200000000000   15.000000000000   0.250000000000   3.046279835657   100.000000000000   0.855028767664   -2.302132672394   2.868233531690   9.145340269550
9.250000000000   15.000000000000   0.250000000000   3.046279835657   100.000000000000   0.858015695203   -2.333562184725   2.892862826074   9.232131120323
9.300000000000   15.000000000000   0.250000000000   3.046279835657   100.000000000000   0.860995878278   -2.364884856125   2.916874613302   9.319298612288
9.350000000000   15.000000000000   0.250000000000   3.046279835657   100.000000000000   0.863969593293   -2.395697526465   2.940231235554   9.406816413346
9.400000000000   15.000000000000   0.250000000000   3.046279835657   100.000000000000   0.866937123326   -2.425963640674   2.962894499646   9.494657732194
9.450000000000   15.000000000000   0.250000000000   3.046279835657   100.000000000000   0.869983505149   -2.455834787545   2.984825598290   9.582795339546
9.500000000000   15.000000000000   0.250000000000   3.046279835657   100.000000000000   0.873044497494   -2.485350077228   3.005985151645   9.671201771490
9.550000000000   15.000000000000   0.250000000000   3.046279835657   100.000000000000   0.876100702257   -2.514216518030   3.026332980939   9.759849282018
9.600000000000   15.000000000000   0.250000000000   3.046279835657   100.000000000000   0.879152293423   -2.542396925804   3.045828225213   9.848710114558
9.650000000000   15.000000000000   0.250000000000   3.046279835657   100.000000000000   0.882199456696   -2.569981251329   3.064429002555   9.937756445299
9.700000000000   15.000000000000   0.250000000000   3.046279835657   100.000000000000   0.885242390130   -2.597118718704   3.082092261729   10.026960482282
9.750000000000   15.000000000000   0.250000000000   3.046279835657   100.000000000000   0.888281304828   -2.623463456708   3.098773625907   10.116294615895
9.800000000000   15.000000000000   0.250000000000   3.046279835657   100.000000000000   0.891316427041   -2.648976901036   3.114427087929   10.205731451648
9.850000000000   15.000000000000   0.250000000000   3.046279835657   100.000000000000   0.894348000738   -2.673620083160   3.129004649662   10.295243842738
9.900000000000   15.000000000000   0.250000000000   3.046279835657   100.000000000000   0.897376290532   -2.697684786495   3.142455913781   10.384804929978
9.950300000000   15.000000000000   0.250000000000   3.046279835657   100.000000000000   0.900419728530   -2.721027674223   3.154797562651   10.474925687247
9.950400000000   15.000000000000   0.250000000000   3.046279835657   100.000000000000   0.900425776293   -2.721073097810   3.154820871974   10.475104858308
9.974529316315   15.000000000000   0.250000000000   3.046279835657   100.000000000000   0.901884753295   -2.731916870196   3.160299567958   10.518336619848
9.998834496800   15.000000000000   0.250000000000   3.046279835657   100.000000000000   0.903353772311   -2.742601490124   3.165520283024   10.561879504835
10.023317095129   15.000000000000   0.250000000000   3.046279835657   100.000000000000   0.904832955997   -2.753117232646   3.170469634329   10.605733209126
10.047982587238   15.000000000000   0.250000000000   3.046279835657   100.000000000000   0.906322667417   -2.763455584697   3.175134294177   10.649904348785
10.072836608149   15.000000000000   0.250000000000   3.046279835657   100.000000000000   0.907823283487   -2.773607422406   3.179499899973   10.694399685980
10.097884912165   15.000000000000   0.250000000000   3.046279835657   100.000000000000   0.909335192602   -2.783562992459   3.183551072578   10.739226059436
10.123133387410   15.000000000000   0.250000000000   3.046279835657   100.000000000000   0.910858796537   -2.793359699634   3.187271219372   10.784390389847
10.148588020209   15.000000000000   0.250000000000   3.046279835657   100.000000000000   0.912394508652   -2.803091562183   3.190642491624   10.829899612195
10.174254880279   15.000000000000   0.250000000000   3.046279835657   100.000000000000   0.913942753878   -2.812594773890   3.193645640525   10.875760630407
10.200140095162   15.000000000000   0.250000000000   3.046279835657   100.000000000000   0.915503968140   -2.821856131791   3.196259859469   10.921980256659
10.226249808898   15.000000000000   0.250000000000   3.046279835657   100.000000000000   0.917078596843   -2.830861366526   3.198462637774   10.968565121127
10.252590131945   15.000000000000   0.250000000000   3.046279835657   100.000000000000   0.918667093007   -2.839595029869   3.200229593079   11.015521561329
10.279167080446   15.000000000000   0.250000000000   3.046279835657   100.000000000000   0.920269914971   -2.848040364848   3.201534276688   11.062855485472
10.305986475299   15.000000000000   0.250000000000   3.046279835657   100.000000000000   0.921887521665   -2.856179181987   3.202348001764   11.110572184680
10.333053842618   15.000000000000   0.250000000000   3.046279835657   100.000000000000   0.923520368600   -2.863991682641   3.202639559897   11.158676131450
10.360374264490   15.000000000000   0.250000000000   3.046279835657   100.000000000000   0.925168900725   -2.871456302196   3.202375012004   11.207170691830
10.387952202804   15.000000000000   0.250000000000   3.046279835657   100.000000000000   0.926833544012   -2.878549526198   3.201517436661   11.256057775191
10.415791264725   15.000000000000   0.250000000000   3.046279835657   100.000000000000   0.928514693732   -2.885245704673   3.200026689310   11.305337391490
10.443893921072   15.000000000000   0.250000000000   3.046279835657   100.000000000000   0.930212700398   -2.891706727837   3.197859106554   11.355007116661
10.472261134228   15.000000000000   0.250000000000   3.046279835657   100.000000000000   0.931927850308   -2.897715218829   3.194967281711   11.405061410846
10.500891905949   15.000000000000   0.250000000000   3.046279835657   100.000000000000   0.933660341675   -2.903233882835   3.191299831210   11.455490790784
10.529782714246   15.000000000000   0.250000000000   3.046279835657   100.000000000000   0.935410254033   -2.908226024636   3.186801270370   11.506280805208
10.558926831096   15.000000000000   0.250000000000   3.046279835657   100.000000000000   0.937204133991   -2.912651817837   3.181411928689   11.557410814219
10.588313474973   15.000000000000   0.250000000000   3.046279835657   100.000000000000   0.939039505847   -2.916468158495   3.175067870445   11.608852540165
10.617926816178   15.000000000000   0.250000000000   3.046279835657   100.000000000000   0.940891413895   -2.919628714816   3.167701236347   11.660568316085
10.647744831373   15.000000000000   0.250000000000   3.046279835657   100.000000000000   0.942758917441   -2.922084145571   3.159240890238   11.712509099971
10.677738016103   15.000000000000   0.250000000000   3.046279835657   100.000000000000   0.944640658332   -2.923782484439   3.149613323940   11.764612297277
10.707867996426   15.000000000000   0.250000000000   3.046279835657   100.000000000000   0.946534774270   -2.924669885251   3.138744175405   11.816799459891
10.738086164690   15.000000000000   0.250000000000   3.046279835657   100.000000000000   0.948438810477   -2.924691801610   3.126560441975   11.868974081951
10.768332388267   15.000000000000   0.250000000000   3.046279835657   100.000000000000   0.950349635139   -2.923794357182   3.112992810533   11.921019706211
10.798534111099   15.000000000000   0.250000000000   3.046279835657   100.000000000000   0.952263372334   -2.921926444269   3.097979134369   11.972798713663
10.828606225850   15.000000000000   0.250000000000   3.046279835657   100.000000000000   0.954175375897   -2.919042471467   3.081468849183   12.024152467659
10.858451935006   15.000000000000   0.250000000000   3.046279835657   100.000000000000   0.956080260253   -2.915163556017   3.063427500066   12.074903320939
10.887964894063   15.000000000000   0.250000000000   3.046279835657   100.000000000000   0.957972006655   -2.910250215518   3.043841053994   12.124858896562
10.917032477027   15.000000000000   0.250000000000   3.046279835657   100.000000000000   0.959844141506   -2.904233419884   3.022718614694   12.173818356064
10.945540606525   15.000000000000   0.250000000000   3.046279835657   100.000000000000   0.961690007036   -2.897117223817   3.000094839037   12.221581099399
10.973379694631   15.000000000000   0.250000000000   3.046279835657   100.000000000000   0.963503104484   -2.888923558962   2.976030424434   12.267957245319
11.000450549036   15.000000000000   0.250000000000   3.046279835657   100.000000000000   0.965277448094   -2.879691701382   2.950609713267   12.312777824625
11.026669483657   15.000000000000   0.250000000000   3.046279835657   100.000000000000   0.967007881040   -2.869476239581   2.923936152786   12.355903373951
11.051971777027   15.000000000000   0.250000000000   3.046279835657   100.000000000000   0.968690301300   -2.858343713653   2.896126152259   12.397229455179
11.076313694745   15.000000000000   0.250000000000   3.046279835657   100.000000000000   0.970321802902   -2.846368966396   2.867303122565   12.436689500944
11.099672518301   15.000000000000   0.250000000000   3.046279835657   100.000000000000   0.971900700641   -2.833631187243   2.837591524254   12.474254213922
11.122044792071   15.000000000000   0.250000000000   3.046279835657   100.000000000000   0.973426447183   -2.820210207229   2.807111780274   12.509927952378
11.143443484459   15.000000000000   0.250000000000   3.046279835657   100.000000000000   0.974899480867   -2.806183523563   2.775976544102   12.543743374808
11.163894610311   15.000000000000   0.250000000000   3.046279835657   100.000000000000   0.976321036673   -2.791624134957   2.744288428865   12.575755258313
11.183433773019   15.000000000000   0.250000000000   3.046279835657   100.000000000000   0.977692947800   -2.776599171213   2.712138939289   12.606034320310
11.202102999786   15.000000000000   0.250000000000   3.046279835657   100.000000000000   0.979017460673   -2.761169223748   2.679608341735   12.634661681752
11.219948093716   15.000000000000   0.250000000000   3.046279835657   100.000000000000   0.980297077816   -2.745470353181   2.646766218748   12.661724296115
11.237016408926   15.000000000000   0.250000000000   3.046279835657   100.000000000000   0.981534424314   -2.729516024647   2.613672354936   12.687311176165
11.253355111919   15.000000000000   0.250000000000   3.046279835657   100.000000000000   0.982732142050   -2.713311292670   2.580377820532   12.711510504909
11.269009898816   15.000000000000   0.250000000000   3.046279835657   100.000000000000   0.983892810473   -2.696891311870   2.546926118247   12.734407554004
11.284024074746   15.000000000000   0.250000000000   3.046279835657   100.000000000000   0.985018888751   -2.680286291064   2.513354294398   12.756083235885
11.298437919858   15.000000000000   0.250000000000   3.046279835657   100.000000000000   0.986112675054   -2.663522065113   2.479693966155   12.776613150271
11.312288276197   15.000000000000   0.250000000000   3.046279835657   100.000000000000   0.987176279155   -2.646620635264   2.445972243249   12.796067007852
11.325608297151   15.000000000000   0.250000000000   3.046279835657   100.000000000000   0.988211604984   -2.629600661464   2.412212537164   12.814508325213
11.338427315472   15.000000000000   0.250000000000   3.046279835657   100.000000000000   0.989220340500   -2.612477902115   2.378435262711   12.831994315162
11.350770794969   15.000000000000   0.250000000000   3.046279835657   100.000000000000   0.990203952807   -2.595265600627   2.344658441066   12.848575910172
11.362660340104   15.000000000000   0.250000000000   3.046279835657   100.000000000000   0.991163686955   -2.577974821306   2.310898216776   12.864297868332
11.374113748985   15.000000000000   0.250000000000   3.046279835657   100.000000000000   0.992100567518   -2.560614741725   2.277169298719   12.879198956641
11.385145092819   15.000000000000   0.250000000000   3.046279835657   100.000000000000   0.993015401935   -2.543192902928   2.243485338641   12.893312153483
11.395764816725   15.000000000000   0.250000000000   3.046279835657   100.000000000000   0.993908785251   -2.525853921416   2.209859256126   12.906664882949
11.405979852929   15.000000000000   0.250000000000   3.046279835657   100.000000000000   0.994781105694   -2.508583550334   2.176303518898   12.919279256450
11.415793726445   15.000000000000   0.250000000000   3.046279835657   100.000000000000   0.995632549903   -2.491273409184   2.142830385565   12.931172283858
11.425206736972   15.000000000000   0.250000000000   3.046279835657   100.000000000000   0.996463112733   -2.473926198497   2.109452119180   12.942356217587
11.434216142216   15.000000000000   0.250000000000   3.046279835657   100.000000000000   0.997272607213   -2.456543840079   2.076181170592   12.952838878047
11.442816275830   15.000000000000   0.250000000000   3.046279835657   100.000000000000   0.998060670633   -2.439127576389   2.043030340055   12.962623828793
11.450998756446   15.000000000000   0.250000000000   3.046279835657   100.000000000000   0.998826776076   -2.421678070448   2.010012919762   12.971710707427
11.458752710579   15.000000000000   0.250000000000   3.046279835657   100.000000000000   0.999570244789   -2.404195494869   1.977142815749   12.980095554234
11.466065015953   15.000000000000   0.250000000000   3.046279835657   100.000000000000   1.000290259797   -2.386736661261   1.944434649501   12.987771156189
11.472920569487   15.000000000000   0.250000000000   3.046279835657   100.000000000000   1.000985881025   -2.369506382448   1.911903837841   12.994727414625
11.479302582891   15.000000000000   0.250000000000   3.046279835657   100.000000000000   1.001656062114   -2.352247403835   1.879566654221   13.000951722884
11.485192908186   15.000000000000   0.250000000000   3.046279835657   100.000000000000   1.002299669071   -2.334958563841   1.847440266217   13.006429373638
11.490572367472   15.000000000000   0.250000000000   3.046279835657   100.000000000000   1.002915499241   -2.317638552914   1.815542751236   13.011143937538
11.495421109808   15.000000000000   0.250000000000   3.046279835657   100.000000000000   1.003502301968   -2.300285961321   1.783893081828   13.015077665416
11.499719440264   15.000000000000   0.250000000000   3.046279835657   100.000000000000   1.004058828102   -2.282899351872   1.752511019378   13.018212754905
11.503447952679   15.000000000000   0.250000000000   3.046279835657   100.000000000000   1.004583837606   -2.265608766519   1.721417067003   13.020531234596
11.506588115066   15.000000000000   0.250000000000   3.046279835657   100.000000000000   1.005076134734   -2.248515333472   1.690632339822   13.022015701058
11.509122819265   15.000000000000   0.250000000000   3.046279835657   100.000000000000   1.005534601435   -2.231388510209   1.660178388285   13.022649980468
11.511037024851   15.000000000000   0.250000000000   3.046279835657   100.000000000000   1.005958237281   -2.214226733165   1.630077025539   13.022419870612
11.512318039802   15.000000000000   0.250000000000   3.046279835657   100.000000000000   1.006346176570   -2.197028449054   1.600350016385   13.021313416944
11.512955930873   15.000000000000   0.250000000000   3.046279835657   100.000000000000   1.006697714389   -2.179792082029   1.571018856495   13.019321275491
11.512944269054   15.000000000000   0.250000000000   3.046279835657   100.000000000000   1.007012353940   -2.162698745414   1.542104430805   13.016437745139
11.512280706084   15.000000000000   0.250000000000   3.046279835657   100.000000000000   1.007289843993   -2.145781335353   1.513626611582   13.012661573292
11.510966851120   15.000000000000   0.250000000000   3.046279835657   100.000000000000   1.007530173553   -2.128824600650   1.485604080040   13.007995425132
11.509008686359   15.000000000000   0.250000000000   3.046279835657   100.000000000000   1.007733600018   -2.111826274372   1.458053981858   13.002446476969
11.506416717394   15.000000000000   0.250000000000   3.046279835657   100.000000000000   1.007900661246   -2.094783784811   1.430991635333   12.996026589988
11.503205992709   15.000000000000   0.250000000000   3.046279835657   100.000000000000   1.008032179565   -2.077742887270   1.404430291469   12.988752315966
11.499395932106   15.000000000000   0.250000000000   3.046279835657   100.000000000000   1.008129253798   -2.061025698396   1.378380967804   12.980644629006
11.495010203161   15.000000000000   0.250000000000   3.046279835657   100.000000000000   1.008193253998   -2.044257524561   1.352852306805   12.971728813648
11.490077230021   15.000000000000   0.250000000000   3.046279835657   100.000000000000   1.008225857277   -2.027434054108   1.327850273313   12.962035562655
11.484629194942   15.000000000000   0.250000000000   3.046279835657   100.000000000000   1.008228988358   -2.010550423399   1.303378460214   12.951599235325
11.478701385314   15.000000000000   0.250000000000   3.046279835657   100.000000000000   1.008204777351   -1.993678227669   1.279437918539   12.940457265290
11.472332100514   15.000000000000   0.250000000000   3.046279835657   100.000000000000   1.008155557225   -1.977100285537   1.256027310451   12.928650146695
11.465562135976   15.000000000000   0.250000000000   3.046279835657   100.000000000000   1.008083831983   -1.960448048141   1.233143046976   12.916220879038
11.458434355107   15.000000000000   0.250000000000   3.046279835657   100.000000000000   1.007992250422   -1.943715069349   1.210779529985   12.903214495339
11.450993068692   15.000000000000   0.250000000000   3.046279835657   100.000000000000   1.007883565975   -1.926894622800   1.188929439008   12.889677309670
11.443284019216   15.000000000000   0.250000000000   3.046279835657   100.000000000000   1.007760635870   -1.910222734108   1.167583875301   12.875657196317
11.435354347364   15.000000000000   0.250000000000   3.046279835657   100.000000000000   1.007626418951   -1.893665236630   1.146732525638   12.861203840029
11.427251313600   15.000000000000   0.250000000000   3.046279835657   100.000000000000   1.007483890332   -1.877002411975   1.126364193028   12.846366775314
11.419022281281   15.000000000000   0.250000000000   3.046279835657   100.000000000000   1.007336039201   -1.860227439634   1.106466945793   12.831195630526
11.410714462934   15.000000000000   0.250000000000   3.046279835657   100.000000000000   1.007185850766   -1.843402492258   1.087028329441   12.815739884416
11.402374717086   15.000000000000   0.250000000000   3.046279835657   100.000000000000   1.007036292076   -1.826856864671   1.068035599502   12.800048683756
11.394049378069   15.000000000000   0.250000000000   3.046279835657   100.000000000000   1.006890299227   -1.810183638905   1.049475928742   12.784170687711
11.385783617202   15.000000000000   0.250000000000   3.046279835657   100.000000000000   1.006750729806   -1.793377366227   1.031336399817   12.768153495994
11.377621491630   15.000000000000   0.250000000000   3.046279835657   100.000000000000   1.006620365507   -1.776433058306   1.013604363007   12.752043632420
11.369605806745   15.000000000000   0.250000000000   3.046279835657   100.000000000000   1.006501899846   -1.759829617430   0.996267582103   12.735886470074
11.361779053820   15.000000000000   0.250000000000   3.046279835657   100.000000000000   1.006397999139   -1.743087730899   0.979314144114   12.719727856129
11.354181866957   15.000000000000   0.250000000000   3.046279835657   100.000000000000   1.006311196365   -1.726200735983   0.962732786488   12.703611690681
11.346853200839   15.000000000000   0.250000000000   3.046279835657   100.000000000000   1.006243901814   -1.709186056828   0.946512837362   12.687580328410
11.339830323952   15.000000000000   0.250000000000   3.046279835657   100.000000000000   1.006198401669   -1.692503936230   0.930644193274   12.671674634585
11.333148743462   15.000000000000   0.250000000000   3.046279835657   100.000000000000   1.006176851565   -1.675676254885   0.915117330346   12.655933927348
11.326842138816   15.000000000000   0.250000000000   3.046279835657   100.000000000000   1.006181270069   -1.658702785257   0.899923336152   12.640395952717
11.320942304624   15.000000000000   0.250000000000   3.046279835657   100.000000000000   1.006213532177   -1.641724994929   0.885053946503   12.625096845961
11.315479083702   15.000000000000   0.250000000000   3.046279835657   100.000000000000   1.006275362643   -1.624975584142   0.870501549598   12.610071073588
11.310480274561   15.000000000000   0.250000000000   3.046279835657   100.000000000000   1.006368329330   -1.608088196140   0.856259149245   12.595351335303
11.305971578857   15.000000000000   0.250000000000   3.046279835657   100.000000000000   1.006493840765   -1.591065195536   0.842320351160   12.580968346864
11.301976665148   15.000000000000   0.250000000000   3.046279835657   100.000000000000   1.006653148754   -1.574251225366   0.828678921583   12.566951261427
11.298517222645   15.000000000000   0.250000000000   3.046279835657   100.000000000000   1.006847354665   -1.557490699718   0.815329028920   12.553327419335
11.295613614002   15.000000000000   0.250000000000   3.046279835657   100.000000000000   1.007077451224   -1.540608435171   0.802265198455   12.540123339570
11.293283519259   15.000000000000   0.250000000000   3.046279835657   100.000000000000   1.007344229913   -1.523699215641   0.789482368404   12.527362724190
11.291542358621   15.000000000000   0.250000000000   3.046279835657   100.000000000000   1.007648308573   -1.507113432123   0.776975820933   12.515067065899
11.290403481940   15.000000000000   0.250000000000   3.046279835657   100.000000000000   1.007990144585   -1.490422263913   0.764741095214   12.503255857939
11.289878256064   15.000000000000   0.250000000000   3.046279835657   100.000000000000   1.008370042719   -1.473630181296   0.752773877419   12.491946595769
11.289976154072   15.000000000000   0.250000000000   3.046279835657   100.000000000000   1.008788163038   -1.457151746133   0.741069918687   12.481154817985
11.290704851321   15.000000000000   0.250000000000   3.046279835657   100.000000000000   1.009244527206   -1.440704185898   0.729625022058   12.470894041165
11.292070319355   15.000000000000   0.250000000000   3.046279835657   100.000000000000   1.009739023504   -1.424172244055   0.718435067482   12.461175983837
11.294076899253   15.000000000000   0.250000000000   3.046279835657   100.000000000000   1.010271409532   -1.407806207828   0.707496038184   12.452010629171
11.296727379390   15.000000000000   0.250000000000   3.046279835657   100.000000000000   1.010841318784   -1.391648622053   0.696803971287   12.443406145500
11.300023074395   15.000000000000   0.250000000000   3.046279835657   100.000000000000   1.011448266062   -1.375421634334   0.686354898301   12.435368962527
11.303963922045   15.000000000000   0.250000000000   3.046279835657   100.000000000000   1.012091656558   -1.359229718958   0.676144769301   12.427903698002
11.308548558736   15.000000000000   0.250000000000   3.046279835657   100.000000000000   1.012770791689   -1.343401039243   0.666169433267   12.421013147189
11.313774086423   15.000000000000   0.250000000000   3.046279835657   100.000000000000   1.013484854671   -1.327514909459   0.656424704346   12.414697817270
11.319637313893   15.000000000000   0.250000000000   3.046279835657   100.000000000000   1.014232983913   -1.311573854356   0.646906254563   12.408958010035
11.326133680627   15.000000000000   0.250000000000   3.046279835657   100.000000000000   1.015014207501   -1.296088160919   0.637609746039   12.403791970459
11.333258077296   15.000000000000   0.250000000000   3.046279835657   100.000000000000   1.015827494127   -1.280566074791   0.628530853281   12.399197188812
11.341005024877   15.000000000000   0.250000000000   3.046279835657   100.000000000000   1.016671766140   -1.264996916342   0.619665228598   12.395170296228
11.349367855251   15.000000000000   0.250000000000   3.046279835657   100.000000000000   1.017545848882   -1.249772188081   0.611008362872   12.391705915480
11.358339176992   15.000000000000   0.250000000000   3.046279835657   100.000000000000   1.018448498409   -1.234627015755   0.602555667535   12.388797354642
11.367911059566   15.000000000000   0.250000000000   3.046279835657   100.000000000000   1.019378412741   -1.219439266847   0.594302518082   12.386436849568
11.378075139193   15.000000000000   0.250000000000   3.046279835657   100.000000000000   1.020334238002   -1.204503047233   0.586244272780   12.384615727457
11.388822736003   15.000000000000   0.250000000000   3.046279835657   100.000000000000   1.021314576511   -1.189735951361   0.578376260444   12.383324505803
11.400144985952   15.000000000000   0.250000000000   3.046279835657   100.000000000000   1.022317996200   -1.174927807473   0.570693759714   12.382552981832
11.412032962397   15.000000000000   0.250000000000   3.046279835657   100.000000000000   1.023343038674   -1.160268253741   0.563191992916   12.382290343652
11.424477765170   15.000000000000   0.250000000000   3.046279835657   100.000000000000   1.024388223687   -1.145871653173   0.555866142051   12.382525323351
11.437470668828   15.000000000000   0.250000000000   3.046279835657   100.000000000000   1.025452063315   -1.131432692590   0.548711334027   12.383246067058
11.451003066133   15.000000000000   0.250000000000   3.046279835657   100.000000000000   1.026533049396   -1.117055141285   0.541722729727   12.384440674393
11.465066563674   15.000000000000   0.250000000000   3.046279835657   100.000000000000   1.027629663006   -1.103012022953   0.534895512999   12.386096854474
11.479652963812   15.000000000000   0.250000000000   3.046279835657   100.000000000000   1.028740369943   -1.088922814392   0.528224938777   12.388202296339
11.494754242502   15.000000000000   0.250000000000   3.046279835657   100.000000000000   1.029863618941   -1.074795583879   0.521706365142   12.390744693282
11.510362513647   15.000000000000   0.250000000000   3.046279835657   100.000000000000   1.030997840009   -1.061084180315   0.515335279862   12.393711729391
11.526470000984   15.000000000000   0.250000000000   3.046279835657   100.000000000000   1.032141444013   -1.047322609360   0.509107315461   12.397091106675
11.543068969820   15.000000000000   0.250000000000   3.046279835657   100.000000000000   1.033292817080   -1.033509464960   0.503018271558   12.400870669827
11.560152146627   15.000000000000   0.250000000000   3.046279835657   100.000000000000   1.034450362613   -1.020041517120   0.497063967001   12.405038030538
11.577712519146   15.000000000000   0.250000000000   3.046279835657   100.000000000000   1.035612478331   -1.006585510781   0.491240324282   12.409580975086
11.595743568593   15.000000000000   0.250000000000   3.046279835657   100.000000000000   1.036777574932   -0.993073731925   0.485543296562   12.414487408890
11.614239021325   15.000000000000   0.250000000000   3.046279835657   100.000000000000   1.037944060346   -0.979806894000   0.479968735631   12.419744551456
11.633194475438   15.000000000000   0.250000000000   3.046279835657   100.000000000000   1.039110437798   -0.966632810399   0.474512757330   12.425342195064
11.652605721918   15.000000000000   0.250000000000   3.046279835657   100.000000000000   1.040275199097   -0.953397443521   0.469171462539   12.431269873197
11.672468955781   15.000000000000   0.250000000000   3.046279835657   100.000000000000   1.041436844338   -0.940326720922   0.463941020227   12.437516748963
11.692780281353   15.000000000000   0.250000000000   3.046279835657   100.000000000000   1.042593839972   -0.927407387208   0.458817842760   12.444072569997
11.713535937309   15.000000000000   0.250000000000   3.046279835657   100.000000000000   1.043744652518   -0.914421284362   0.453798513693   12.450927060778
11.734732134909   15.000000000000   0.250000000000   3.046279835657   100.000000000000   1.044887740745   -0.901514148156   0.448879811727   12.458069975910
11.756364554603   15.000000000000   0.250000000000   3.046279835657   100.000000000000   1.046021525275   -0.888827037549   0.444058794441   12.465491156396
11.778428980937   15.000000000000   0.250000000000   3.046279835657   100.000000000000   1.047222068136   -0.876070535666   0.439332607463   12.473180431729
11.800921852520   15.000000000000   0.250000000000   3.046279835657   100.000000000000   1.048440606124   -0.863332076055   0.434698391854   12.481127795243
11.823840212975   15.000000000000   0.250000000000   3.046279835657   100.000000000000   1.049648095809   -0.850859352650   0.430153004819   12.489322283894
11.847183846910   15.000000000000   0.250000000000   3.046279835657   100.000000000000   1.050843182016   -0.838313505797   0.425693763163   12.497756748714
11.870947407875   15.000000000000   0.250000000000   3.046279835657   100.000000000000   1.052024072663   -0.825714124177   0.421315283730   12.506408366263
11.895136605416   15.000000000000   0.250000000000   3.046279835657   100.000000000000   1.053189781372   -0.813428643791   0.417016698519   12.515281488570
11.919753335228   15.000000000000   0.250000000000   3.046279835657   100.000000000000   1.054339020149   -0.801062905301   0.412795108603   12.524368319281
11.944801036214   15.000000000000   0.250000000000   3.046279835657   100.000000000000   1.055470652131   -0.788618295908   0.408649237427   12.533668593603
11.970279247965   15.000000000000   0.250000000000   3.046279835657   100.000000000000   1.056583277031   -0.776486346684   0.404576983814   12.543174755485
11.996186626427   15.000000000000   0.250000000000   3.046279835657   100.000000000000   1.057675466798   -0.764288572388   0.400576509318   12.552879387012
12.022521540021   15.000000000000   0.250000000000   3.046279835657   100.000000000000   1.058745811579   -0.752011807021   0.396646070010   12.562774701469
12.072500000000   15.000000000000   0.250000000000   3.046279835657   100.000000000000   1.060668844324   -0.729712871927   0.389534809731   12.581608150521
12.122500000000   15.000000000000   0.250000000000   3.046279835657   100.000000000000   1.062454420470   -0.708004688947   0.382835192790   12.600476663068
12.172500000000   15.000000000000   0.250000000000   3.046279835657   100.000000000000   1.064106077432   -0.687133480844   0.376508151464   12.619325061325
12.222500000000   15.000000000000   0.250000000000   3.046279835657   100.000000000000   1.065627993663   -0.666890062914   0.370517759862   12.638116799875
12.272500000000   15.000000000000   0.250000000000   3.046279835657   100.000000000000   1.067043268633   -0.647225374617   0.364833116951   12.656823098951
12.322500000000   15.000000000000   0.250000000000   3.046279835657   100.000000000000   1.068558838725   -0.628231595038   0.359427394678   12.675419770488
12.372500000000   15.000000000000   0.250000000000   3.046279835657   100.000000000000   1.069957022830   -0.609634783624   0.354277124803   12.693883397958
12.422500000000   15.000000000000   0.250000000000   3.046279835657   100.000000000000   1.071241895034   -0.591710478612   0.349361671983   12.712190148883
12.472500000000   15.000000000000   0.250000000000   3.046279835657   100.000000000000   1.072417310574   -0.574076878047   0.344662806525   12.730320742330
12.522500000000   15.000000000000   0.250000000000   3.046279835657   100.000000000000   1.073486956234   -0.557084077894   0.340164333920   12.748260030762
12.572500000000   15.000000000000   0.250000000000   3.046279835657   100.000000000000   1.074454446676   -0.540321683044   0.335851782562   12.765995991427
12.622500000000   15.000000000000   0.250000000000   3.046279835657   100.000000000000   1.075323387203   -0.524138849618   0.331712144440   12.783518549158
12.672500000000   15.000000000000   0.250000000000   3.046279835657   100.000000000000   1.076097454204   -0.508172985022   0.327733668552   12.800818199084
12.722500000000   15.000000000000   0.250000000000   3.046279835657   100.000000000000   1.076780636064   -0.492702955227   0.323905707364   12.817883747399
12.772500000000   15.000000000000   0.250000000000   3.046279835657   100.000000000000   1.077376648138   -0.477471081961   0.320218601551   12.834706064131
12.822500000000   15.000000000000   0.250000000000   3.046279835657   100.000000000000   1.077986995002   -0.462633191976   0.316663576434   12.851277618248
12.872500000000   15.000000000000   0.250000000000   3.046279835657   100.000000000000   1.078639639702   -0.448080973074   0.313232653041   12.867592877504
12.922500000000   15.000000000000   0.250000000000   3.046279835657   100.000000000000   1.079213412284   -0.433800755062   0.309918562535   12.883647367469
12.972500000000   15.000000000000   0.250000000000   3.046279835657   100.000000000000   1.079711292866   -0.419876671983   0.306714647044   12.899438451636
13.022500000000   15.000000000000   0.250000000000   3.046279835657   100.000000000000   1.080136388098   -0.406094520320   0.303614590019   12.914962308792
13.072500000000   15.000000000000   0.250000000000   3.046279835657   100.000000000000   1.080491762397   -0.392755478480   0.300611903736   12.930210220330
13.122500000000   15.000000000000   0.250000000000   3.046279835657   100.000000000000   1.080780592459   -0.379531450048   0.297701606064   12.945181545740
13.172500000000   15.000000000000   0.250000000000   3.046279835657   100.000000000000   1.081006134106   -0.366624151746   0.294879561090   12.959879564303
13.222500000000   15.000000000000   0.250000000000   3.046279835657   100.000000000000   1.081171344959   -0.353943202326   0.292141326017   12.974303627554
13.272500000000   15.000000000000   0.250000000000   3.046279835657   100.000000000000   1.081279012883   -0.341414977099   0.289482660590   12.988452843947
13.322500000000   15.000000000000   0.250000000000   3.046279835657   100.000000000000   1.081339972630   -0.329244315940   0.286899642964   13.002327148090
13.372500000000   15.000000000000   0.250000000000   3.046279835657   100.000000000000   1.081534295986   -0.317181421130   0.284388653480   13.015927415254
13.422500000000   15.000000000000   0.250000000000   3.046279835657   100.000000000000   1.081676201228   -0.305355696755   0.281946336318   13.029255105104
13.472500000000   15.000000000000   0.250000000000   3.046279835657   100.000000000000   1.081768360196   -0.293763716838   0.279569566676   13.042311671063
13.522500000000   15.000000000000   0.250000000000   3.046279835657   100.000000000000   1.081813249811   -0.282279437872   0.277255438959   13.055098705517
13.572500000000   15.000000000000   0.250000000000   3.046279835657   100.000000000000   1.081813737347   -0.271079853904   0.275001231338   13.067615186547
13.622500000000   15.000000000000   0.250000000000   3.046279835657   100.000000000000   1.081769849774   -0.260035113528   0.272804405671   13.079877764257
13.672500000000   15.000000000000   0.250000000000   3.046279835657   100.000000000000   1.081686210604   -0.249097900291   0.270662546467   13.091875127180
13.722500000000   15.000000000000   0.250000000000   3.046279835657   100.000000000000   1.081564569197   -0.238440744190   0.268573391097   13.103612397694
13.772500000000   15.000000000000   0.250000000000   3.046279835657   100.000000000000   1.081406939686   -0.227913933132   0.266534805452   13.115093274710
13.822500000000   15.000000000000   0.250000000000   3.046279835657   100.000000000000   1.081215333931   -0.217493451026   0.264544777328   13.126321019752
13.872500000000   15.000000000000   0.250000000000   3.046279835657   100.000000000000   1.080991623894   -0.207327113157   0.262601413123   13.137299024662
13.922500000000   15.000000000000   0.250000000000   3.046279835657   100.000000000000   1.080814833945   -0.197288954648   0.260702934914   13.148030832097
13.972500000000   15.000000000000   0.250000000000   3.046279835657   100.000000000000   1.080697081383   -0.187354881366   0.258847642110   13.158520736006
14.022500000000   15.000000000000   0.250000000000   3.046279835657   100.000000000000   1.080550164530   -0.177609959503   0.257033948985   13.168772913453
14.072500000000   15.000000000000   0.250000000000   3.046279835657   100.000000000000   1.080375687123   -0.168032469706   0.255260361315   13.178791600604
14.122500000000   15.000000000000   0.250000000000   3.046279835657   100.000000000000   1.080175200479   -0.158555987913   0.253525468133   13.188581065501
14.172500000000   15.000000000000   0.250000000000   3.046279835657   100.000000000000   1.079950224182   -0.149195957180   0.251827934386   13.198145579749
14.222500000000   15.000000000000   0.250000000000   3.046279835657   100.000000000000   1.079702257475   -0.140052119056   0.250166494286   13.207489393505
14.272500000000   15.000000000000   0.250000000000   3.046279835657   100.000000000000   1.079432782989   -0.131006214477   0.248539945371   13.216616718055
14.322500000000   15.000000000000   0.250000000000   3.046279835657   100.000000000000   1.079143263606   -0.122061023849   0.246947143356   13.225531717434
14.372500000000   15.000000000000   0.250000000000   3.046279835657   100.000000000000   1.078835133676   -0.113240761001   0.245386997769   13.234238507890
14.422500000000   15.000000000000   0.250000000000   3.046279835657   100.000000000000   1.078509786071   -0.104601314164   0.243858468358   13.242741157647
14.472500000000   15.000000000000   0.250000000000   3.046279835657   100.000000000000   1.078176477069   -0.096059410151   0.242360562185   13.251043682427
14.522500000000   15.000000000000   0.250000000000   3.046279835657   100.000000000000   1.077961036836   -0.087617002126   0.240892331532   13.259150094156
14.572500000000   15.000000000000   0.250000000000   3.046279835657   100.000000000000   1.077729771305   -0.079275243248   0.239452886330   13.267063932939
14.622500000000   15.000000000000   0.250000000000   3.046279835657   100.000000000000   1.077483989156   -0.071113701591   0.238041342973   13.274789710438
14.672500000000   15.000000000000   0.250000000000   3.046279835657   100.000000000000   1.077224896755   -0.063047735858   0.236656859081   13.282331930832
14.722500000000   15.000000000000   0.250000000000   3.046279835657   100.000000000000   1.076953520037   -0.055078425467   0.235298639263   13.289694789604
14.772500000000   15.000000000000   0.250000000000   3.046279835657   100.000000000000   1.076670804156   -0.047206525181   0.233965923561   13.296882437667
14.822500000000   15.000000000000   0.250000000000   3.046279835657   100.000000000000   1.076377619868   -0.039432483288   0.232657985017   13.303899002714
14.872500000000   15.000000000000   0.250000000000   3.046279835657   100.000000000000   1.076074805069   -0.031806257893   0.231374127882   13.310748576889
14.922500000000   15.000000000000   0.250000000000   3.046279835657   100.000000000000   1.075763190346   -0.024277927367   0.230113685932   13.317435222369
14.972500000000   15.000000000000   0.250000000000   3.046279835657   100.000000000000   1.075443578467   -0.016841622445   0.228876020624   13.323963032190
15.022500000000   15.000000000000   0.250000000000   3.046279835657   100.000000000000   1.075116788736   -0.009497357657   0.227660519666   13.330336249653
15.072500000000   15.000000000000   0.250000000000   3.046279835657   100.000000000000   1.074783846515   -0.002244968555   0.226466596833   13.336559954220
15.122500000000   15.000000000000   0.250000000000   3.046279835657   100.000000000000   1.074485772591   0.004915896657   0.225293693652   13.342641689663
15.172500000000   15.000000000000   0.250000000000   3.046279835657   100.000000000000   1.074257214707   0.011961017528   0.224141226904   13.348567624439
15.222500000000   15.000000000000   0.250000000000   3.046279835657   100.000000000000   1.074021605085   0.018908646659   0.223008694112   13.354351554418
15.272500000000   15.000000000000   0.250000000000   3.046279835657   100.000000000000   1.073780210594   0.025770186859   0.221895593357   13.359999435642
15.322500000000   15.000000000000   0.250000000000   3.046279835657   100.000000000000   1.073533796284   0.032546042402   0.220801435846   13.365515167806
15.372500000000   15.000000000000   0.250000000000   3.046279835657   100.000000000000   1.073282983286   0.039236724745   0.219725748571   13.370902060989
15.422500000000   15.000000000000   0.250000000000   3.046279835657   100.000000000000   1.073028321591   0.045842859091   0.218668074559   13.376163139301
15.472500000000   15.000000000000   0.250000000000   3.046279835657   100.000000000000   1.072770326011   0.052365207506   0.217627974199   13.381301279985
15.522500000000   15.000000000000   0.250000000000   3.046279835657   100.000000000000   1.072509402919   0.058804895820   0.216605040623   13.386318881467
15.572500000000   15.000000000000   0.250000000000   3.046279835657   100.000000000000   1.072246198474   0.065162491843   0.215598837984   13.391219333366
15.622500000000   15.000000000000   0.250000000000   3.046279835657   100.000000000000   1.071981324548   0.071438702694   0.214608944515   13.396005964808
15.672500000000   15.000000000000   0.250000000000   3.046279835657   100.000000000000   1.071715273272   0.077633988297   0.213634967306   13.400681654303
15.722500000000   15.000000000000   0.250000000000   3.046279835657   100.000000000000   1.071448493588   0.083739575702   0.212676528577   13.405249143922
15.772500000000   15.000000000000   0.250000000000   3.046279835657   100.000000000000   1.071273965057   0.089768868379   0.211733263989   13.409711070483
15.822500000000   15.000000000000   0.250000000000   3.046279835657   100.000000000000   1.071104222748   0.095723009680   0.210804821726   13.414069980519
15.872500000000   15.000000000000   0.250000000000   3.046279835657   100.000000000000   1.070933297530   0.101603219319   0.209890861801   13.418328340546
15.922500000000   15.000000000000   0.250000000000   3.046279835657   100.000000000000   1.070761530448   0.107410780219   0.208991055452   13.422488545174
15.972500000000   15.000000000000   0.250000000000   3.046279835657   100.000000000000   1.070589237249   0.113147026368   0.208105084583   13.426552923988
16.022500000000   15.000000000000   0.250000000000   3.046279835657   100.000000000000   1.070416710577   0.118813331514   0.207232641216   13.430523747525
16.072500000000   15.000000000000   0.250000000000   3.046279835657   100.000000000000   1.070244222115   0.124411098735   0.206373426972   13.434403232429
16.122500000000   15.000000000000   0.250000000000   3.046279835657   100.000000000000   1.070072024635   0.129941750911   0.205527152564   13.438193545845
16.172500000000   15.000000000000   0.250000000000   3.046279835657   100.000000000000   1.069900353885   0.135406722141   0.204693537322   13.441896809084
16.222500000000   15.000000000000   0.250000000000   3.046279835657   100.000000000000   1.069729430304   0.140807450119   0.203872308738   13.445515100556
16.272500000000   15.000000000000   0.250000000000   3.046279835657   100.000000000000   1.069559460526   0.146145369458   0.203063202050   13.449050458021
16.322500000000   15.000000000000   0.250000000000   3.046279835657   100.000000000000   1.069390638680   0.151421905920   0.202265959856   13.452504880175
16.372500000000   15.000000000000   0.250000000000   3.046279835657   100.000000000000   1.069223147478   0.156638471499   0.201480331771   13.455880327659
16.422500000000   15.000000000000   0.250000000000   3.046279835657   100.000000000000   1.069076762064   0.161796460285   0.200706074108   13.459178723552
16.472500000000   15.000000000000   0.250000000000   3.046279835657   100.000000000000   1.068994658800   0.166897245025   0.199942949603   13.462401953477
16.522500000000   15.000000000000   0.250000000000   3.046279835657   100.000000000000   1.068913073135   0.171942174295   0.199190727171   13.465551865421
16.572500000000   15.000000000000   0.250000000000   3.046279835657   100.000000000000   1.068832166737   0.176932570208   0.198449181681   13.468630269394
16.622500000000   15.000000000000   0.250000000000   3.046279835657   100.000000000000   1.068752092833   0.181869726590   0.197718093767   13.471638937025
16.672500000000   15.000000000000   0.250000000000   3.046279835657   100.000000000000   1.068672996445   0.186754907595   0.196997249658   13.474579601184
16.722500000000   15.000000000000   0.250000000000   3.046279835657   100.000000000000   1.068595014513   0.191589346736   0.196286441032   13.477453955729
16.772500000000   15.000000000000   0.250000000000   3.046279835657   100.000000000000   1.068518275883   0.196374246357   0.195585464887   13.480263655588
16.822500000000   15.000000000000   0.250000000000   3.046279835657   100.000000000000   1.068442901108   0.201110777551   0.194894123431   13.483010317918
16.872500000000   15.000000000000   0.250000000000   3.046279835657   100.000000000000   1.068369001831   0.205800080750   0.194212223944   13.485695526113
16.922500000000   15.000000000000   0.250000000000   3.046279835657   100.000000000000   1.068296677334   0.210443271462   0.193539578977   13.488320836809
16.972500000000   15.000000000000   0.250000000000   3.046279835657   100.000000000000   1.068225989495   0.215041487084   0.192876009979   13.490887777291
17.022500000000   15.000000000000   0.250000000000   3.046279835657   100.000000000000   1.068156857861   0.219596308540   0.192221429988   13.493395730119
17.072500000000   15.000000000000   0.250000000000   3.046279835657   100.000000000000   1.068091346315   0.224108845162   0.191575719442   13.495844507572
17.122500000000   15.000000000000   0.250000000000   3.046279835657   100.000000000000   1.068095456302   0.228578877414   0.190938498945   13.498240490708
17.172500000000   15.000000000000   0.250000000000   3.046279835657   100.000000000000   1.068100750054   0.233007311458   0.190309603936   13.500584716671
17.222500000000   15.000000000000   0.250000000000   3.046279835657   100.000000000000   1.068107355505   0.237394975105   0.189688861792   13.502878530456
17.272500000000   15.000000000000   0.250000000000   3.046279835657   100.000000000000   1.068115392309   0.241739731238   0.189076102238   13.505123279922
17.322500000000   15.000000000000   0.250000000000   3.046279835657   100.000000000000   1.068124971992   0.246042251996   0.188471158531   13.507320276476
17.372500000000   15.000000000000   0.250000000000   3.046279835657   100.000000000000   1.068136198758   0.250306177864   0.187873867565   13.509470787454
17.422500000000   15.000000000000   0.250000000000   3.046279835657   100.000000000000   1.068149170229   0.254532241601   0.187284069783   13.511576035487
17.472500000000   15.000000000000   0.250000000000   3.046279835657   100.000000000000   1.068163977983   0.258721151354   0.186701609062   13.513637199499
17.522500000000   15.000000000000   0.250000000000   3.046279835657   100.000000000000   1.068180707931   0.262873590957   0.186126332616   13.515655416017
20.000000000000   15.000000000000   0.000000000000   3.046279835657   100.000000000000   1.080000000000  -0.124558770477   0.120000000000   13.510000000000

