0.150000000000   15.000000000000   0.000000000000   3.046279835657   100.000000000000   0.304467359659   -0.406938184784   0.446293347752   1.488101804981
0.200000000000   15.000000000000   0.000000000000   3.046279835657   100.000000000000   0.319481675517   -0.393146639679   0.447341467867   1.486506703861
0.250000000000   15.000000000000   0.000000000000   3.046279835657   100.000000000000   0.332496131286   -0.381663568990   0.448803525566   1.487248840134
0.300000000000   15.000000000000   0.000000000000   3.046279835657   100.000000000000   0.344109465051   -0.371749421349   0.450529091987   1.489621713243
0.350000000000   15.000000000000   0.000000000000   3.046279835657   100.000000000000   0.354674493042   -0.363080419624   0.452441658517   1.493240565881
0.400000000000   15.000000000000   0.000000000000   3.046279835657   100.000000000000   0.364419323869   -0.355310185731   0.454497717919   1.497872504312
0.450000000000   15.000000000000   0.000000000000   3.046279835657   100.000000000000   0.373501218193   -0.348357166384   0.456670586416   1.503365993734
0.500000000000   15.000000000000   0.000000000000   3.046279835657   100.000000000000   0.382201300999   -0.342033919702   0.458943020320   1.509617201879
0.550000000000   15.000000000000   0.000000000000   3.046279835657   100.000000000000   0.390430859572   -0.336261550672   0.461303470584   1.516552219177
0.600000000000   15.000000000000   0.000000000000   3.046279835657   100.000000000000   0.398241291190   -0.330976309153   0.463744017339   1.524116908979
0.650000000000   15.000000000000   0.000000000000   3.046279835657   100.000000000000   0.405687566779   -0.326126401006   0.466259150873   1.532270746756
0.700000000000   15.000000000000   0.000000000000   3.046279835657   100.000000000000   0.412813893429   -0.321682791909   0.468845011933   1.540982890908
0.750000000000   15.000000000000   0.000000000000   3.046279835657   100.000000000000   0.419656410467   -0.317598546080   0.471498897964   1.550229573877
0.800000000000   15.000000000000   0.000000000000   3.046279835657   100.000000000000   0.426245078887   -0.313839906775   0.474218932083   1.559992311753
0.850000000000   15.000000000000   0.000000000000   3.046279835657   100.000000000000   0.432605039986   -0.310383059418   0.477003836205   1.570256641442
0.900000000000   15.000000000000   0.000000000000   3.046279835657   100.000000000000   0.438757614201   -0.307207720182   0.479852773114   1.581011209102
0.950000000000   15.000000000000   0.000000000000   3.046279835657   100.000000000000   0.444721049696   -0.304296467882   0.482765235297   1.592247098885
1.000000000000   15.000000000000   0.000000000000   3.046279835657   100.000000000000   0.450511092984   -0.301634219968   0.485740966063   1.603957329884
1.050000000000   15.000000000000   0.000000000000   3.046279835657   100.000000000000   0.456141430443   -0.299207818111   0.488779903191   1.616136473115
1.100000000000   15.000000000000   0.000000000000   3.046279835657   100.000000000000   0.461624034554   -0.297005697604   0.491882138456   1.628780355678
1.150000000000   15.000000000000   0.000000000000   3.046279835657   100.000000000000   0.466969438689   -0.295017621376   0.495047888399   1.641885829178
1.200000000000   15.000000000000   0.000000000000   3.046279835657   100.000000000000   0.472186957589   -0.293234464183   0.498277473142   1.655450586203
1.250000000000   15.000000000000   0.000000000000   3.046279835657   100.000000000000   0.477284866013   -0.291648036081   0.501571300944   1.669473013199
1.300000000000   15.000000000000   0.000000000000   3.046279835657   100.000000000000   0.482270544809   -0.290250936934   0.504929856935   1.683952071262
1.350000000000   15.000000000000   0.000000000000   3.046279835657   100.000000000000   0.487150601332   -0.289036435619   0.508353694875   1.698887198586
1.400000000000   15.000000000000   0.000000000000   3.046279835657   100.000000000000   0.491930969485   -0.287998369051   0.511843431130   1.714278229899
1.450000000000   15.000000000000   0.000000000000   3.046279835657   100.000000000000   0.496616993391   -0.287131057272   0.515399740317   1.730125329379
1.500000000000   15.000000000000   0.000000000000   3.046279835657   100.000000000000   0.501213497863   -0.286429231619   0.519023352179   1.746428934353
1.550000000000   15.000000000000   0.000000000000   3.046279835657   100.000000000000   0.505724848079   -0.285887973683   0.522715049416   1.763189707732
1.600000000000   15.000000000000   0.000000000000   3.046279835657   100.000000000000   0.510155000425   -0.285502663188   0.526475666246   1.780408497558
1.650000000000   15.000000000000   0.000000000000   3.046279835657   100.000000000000   0.514507546029   -0.285268933355   0.530306087561   1.798086302420
1.700000000000   15.000000000000   0.000000000000   3.046279835657   100.000000000000   0.518785748223   -0.285182632555   0.534207248532   1.816224241726
1.750000000000   15.000000000000   0.000000000000   3.046279835657   100.000000000000   0.522992574928   -0.285239791325   0.538180134614   1.834823530027
1.800000000000   15.000000000000   0.000000000000   3.046279835657   100.000000000000   0.527130726774   -0.285464899894   0.542225781870   1.853885454765
1.850000000000   15.000000000000   0.000000000000   3.046279835657   100.000000000000   0.531202661612   -0.285829967056   0.546345277555   1.873411356892
1.900000000000   15.000000000000   0.000000000000   3.046279835657   100.000000000000   0.535210615979   -0.286330842310   0.550539760956   1.893402613940
1.950000000000   15.000000000000   0.000000000000   3.046279835657   100.000000000000   0.539156623942   -0.286964224888   0.554810424423   1.913860625173
2.000000000000   15.000000000000   0.000000000000   3.046279835657   100.000000000000   0.543042533736   -0.287726889742   0.559158514587   1.934786798520
2.050000000000   15.000000000000   0.000000000000   3.046279835657   100.000000000000   0.546870022467   -0.288615674226   0.563585333743   1.956182539039
2.100000000000   15.000000000000   0.000000000000   3.046279835657   100.000000000000   0.550640609185   -0.289627466816   0.568092241375   1.978049238673
2.150000000000   15.000000000000   0.000000000000   3.046279835657   100.000000000000   0.554355666534   -0.290759197701   0.572680655813   2.000388267146
2.200000000000   15.000000000000   0.000000000000   3.046279835657   100.000000000000   0.558016431160   -0.292007831064   0.577352056003   2.023200963796
2.250000000000   15.000000000000   0.000000000000   3.046279835657   100.000000000000   0.561624013070   -0.293398081561   0.582107983385   2.046488630247
2.300000000000   15.000000000000   0.000000000000   3.046279835657   100.000000000000   0.565179404058   -0.294927649945   0.586950043861   2.070252523758
2.350000000000   15.000000000000   0.000000000000   3.046279835657   100.000000000000   0.568683485323   -0.296569869752   0.591879909837   2.094493851186
2.400000000000   15.000000000000   0.000000000000   3.046279835657   100.000000000000   0.572137034400   -0.298321982968   0.596899322338   2.119213763422
2.450000000000   15.000000000000   0.000000000000   3.046279835657   100.000000000000   0.575540731479   -0.300181244182   0.602010093176   2.144413350267
2.500000000000   15.000000000000   0.000000000000   3.046279835657   100.000000000000   0.578895165203   -0.302144919467   0.607214107159   2.170093635637
2.550000000000   15.000000000000   0.000000000000   3.046279835657   100.000000000000   0.582200838013   -0.304210286201   0.612513324327   2.196255573059
2.600000000000   15.000000000000   0.000000000000   3.046279835657   100.000000000000   0.585458171109   -0.306438618347   0.617909782209   2.222900041401
2.650000000000   15.000000000000   0.000000000000   3.046279835657   100.000000000000   0.588667509077   -0.308775634674   0.623405598076   2.250027840776
2.700000000000   15.000000000000   0.000000000000   3.046279835657   100.000000000000   0.591829124243   -0.311211844019   0.629002971181   2.277639688597
2.750000000000   15.000000000000   0.000000000000   3.046279835657   100.000000000000   0.594943220794   -0.313744761312   0.634704184967   2.305736215746
2.800000000000   15.000000000000   0.000000000000   3.046279835657   100.000000000000   0.598055745746   -0.316371915507   0.640511609231   2.334317962813
2.850000000000   15.000000000000   0.000000000000   3.046279835657   100.000000000000   0.601160118122   -0.319090852469   0.646427702219   2.363385376407
2.900000000000   15.000000000000   0.000000000000   3.046279835657   100.000000000000   0.604219260766   -0.321987000995   0.652455012633   2.392938805508
2.950000000000   15.000000000000   0.000000000000   3.046279835657   100.000000000000   0.607233062324   -0.324976792272   0.658596181538   2.422978497828
3.000000000000   15.000000000000   0.000000000000   3.046279835657   100.000000000000   0.610201355907   -0.328057472106   0.664853944133   2.453504596201
3.050000000000   15.000000000000   0.000000000000   3.046279835657   100.000000000000   0.613123922173   -0.331226855792   0.671231131380   2.484517134950
3.100000000000   15.000000000000   0.000000000000   3.046279835657   100.000000000000   0.616000492449   -0.334482784534   0.677730671451   2.516016036253
3.150000000000   15.000000000000   0.000000000000   3.046279835657   100.000000000000   0.618830751896   -0.337910544588   0.684355590974   2.548001106480
3.200000000000   15.000000000000   0.000000000000   3.046279835657   100.000000000000   0.621614342779   -0.341441127968   0.691109016077   2.580472032441
3.250000000000   15.000000000000   0.000000000000   3.046279835657   100.000000000000   0.624350867840   -0.345058835872   0.697994173143   2.613428377691
3.300000000000   15.000000000000   0.000000000000   3.046279835657   100.000000000000   0.627039893841   -0.348761811202   0.705014389323   2.646869578669
3.350000000000   15.000000000000   0.000000000000   3.046279835657   100.000000000000   0.629680955267   -0.352548230002   0.712173092729   2.680794940865
3.400000000000   15.000000000000   0.000000000000   3.046279835657   100.000000000000   0.632273558258   -0.356521079767   0.719473812310   2.715203634904
3.450000000000   15.000000000000   0.000000000000   3.046279835657   100.000000000000   0.634817184771   -0.360592269578   0.726920177353   2.750094692685
3.500000000000   15.000000000000   0.000000000000   3.046279835657   100.000000000000   0.637311297006   -0.364749158488   0.734515916606   2.785467003563
3.550000000000   15.000000000000   0.000000000000   3.046279835657   100.000000000000   0.639755342135   -0.368990242699   0.742264856972   2.821319310690
3.600000000000   15.000000000000   0.000000000000   3.046279835657   100.000000000000   0.642148757344   -0.373360501392   0.750170921741   2.857650207629
3.650000000000   15.000000000000   0.000000000000   3.046279835657   100.000000000000   0.644490975221   -0.377897351982   0.758238128319   2.894458135396
3.700000000000   15.000000000000   0.000000000000   3.046279835657   100.000000000000   0.646781429500   -0.382522064959   0.766470585398   2.931741380079
3.750000000000   15.000000000000   0.000000000000   3.046279835657   100.000000000000   0.649019561196   -0.387233452795   0.774872489513   2.969498071256
3.800000000000   15.000000000000   0.000000000000   3.046279835657   100.000000000000   0.651260671553   -0.392030352095   0.783448120920   3.007726181392
3.850000000000   15.000000000000   0.000000000000   3.046279835657   100.000000000000   0.653515758196   -0.397038297221   0.792201838727   3.046423526399
3.900000000000   15.000000000000   0.000000000000   3.046279835657   100.000000000000   0.655716617293   -0.402153233650   0.801138075189   3.085587767542
3.950000000000   15.000000000000   0.000000000000   3.046279835657   100.000000000000   0.657862516256   -0.407359108858   0.810261329105   3.125216414772
4.000000000000   15.000000000000   0.000000000000   3.046279835657   100.000000000000   0.659952752244   -0.412655015823   0.819576158226   3.165306831528
4.050000000000   15.000000000000   0.000000000000   3.046279835657   100.000000000000   0.661986660872   -0.418151024234   0.829087170609   3.205856240967
4.100000000000   15.000000000000   0.000000000000   3.046279835657   100.000000000000   0.663963625433   -0.423786021587   0.838799014873   3.246861733388
4.150000000000   15.000000000000   0.000000000000   3.046279835657   100.000000000000   0.665883086598   -0.429517720303   0.848716369320   3.288320274602
4.200000000000   15.000000000000   0.000000000000   3.046279835657   100.000000000000   0.667744552590   -0.435345343381   0.858843929939   3.330228714747
4.250000000000   15.000000000000   0.000000000000   3.046279835657   100.000000000000   0.669547609779   -0.441365849468   0.869186397344   3.372583796998
4.300000000000   15.000000000000   0.000000000000   3.046279835657   100.000000000000   0.671291933671   -0.447558284156   0.879748462750   3.415382165477
4.350000000000   15.000000000000   0.000000000000   3.046279835657   100.000000000000   0.672977300206   -0.453854223524   0.890534793183   3.458620371527
4.400000000000   15.000000000000   0.000000000000   3.046279835657   100.000000000000   0.674603597299   -0.460252798268   0.901550016134   3.502294877587
4.450000000000   15.000000000000   0.000000000000   3.046279835657   100.000000000000   0.676170836521   -0.466880942444   0.912798704018   3.546402057717
4.500000000000   15.000000000000   0.000000000000   3.046279835657   100.000000000000   0.677679164782   -0.473672217107   0.924285358794   3.590938194072
4.550000000000   15.000000000000   0.000000000000   3.046279835657   100.000000000000   0.679128875884   -0.480573848351   0.936014397237   3.635899468539
4.600000000000   15.000000000000   0.000000000000   3.046279835657   100.000000000000   0.680520421757   -0.487584603819   0.947990137360   3.681281949115
4.650000000000   15.000000000000   0.000000000000   3.046279835657   100.000000000000   0.681854423169   -0.494871920245   0.960216786573   3.727081570663
4.700000000000   15.000000000000   0.000000000000   3.046279835657   100.000000000000   0.683131679702   -0.502305140909   0.972698432158   3.773294110130
4.750000000000   15.000000000000   0.000000000000   3.046279835657   100.000000000000   0.684418141621   -0.509854842598   0.985439034623   3.819915156536
4.800000000000   15.000000000000   0.000000000000   3.046279835657   100.000000000000   0.685680245103   -0.517567268477   0.998442424553   3.866940076443
4.850000000000   15.000000000000   0.000000000000   3.046279835657   100.000000000000   0.686882666413   -0.525559965948   1.011712303358   3.914363976044
4.900000000000   15.000000000000   0.000000000000   3.046279835657   100.000000000000   0.688026596302   -0.533676306511   1.025252248418   3.962181661217
4.950000000000   15.000000000000   0.000000000000   3.046279835657   100.000000000000   0.689113452699   -0.541914352763   1.039065722802   4.010387597461
5.000000000000   15.000000000000   0.000000000000   3.046279835657   100.000000000000   0.690144884891   -0.550413510386   1.053156089758   4.058975871624
5.050000000000   15.000000000000   0.000000000000   3.046279835657   100.000000000000   0.691122775123   -0.559126387017   1.067526631863   4.107940157832
5.100000000000   15.000000000000   0.000000000000   3.046279835657   100.000000000000   0.692049237327   -0.567968815069   1.082180574593   4.157273689891
5.150000000000   15.000000000000   0.000000000000   3.046279835657   100.000000000000   0.692926612751   -0.576990668414   1.097121113899   4.206969242629
5.200000000000   15.000000000000   0.000000000000   3.046279835657   100.000000000000   0.693757462283   -0.586333779348   1.112351447032   4.257019124529
5.250000000000   15.000000000000   0.000000000000   3.046279835657   100.000000000000   0.694544555360   -0.595816485945   1.127874805926   4.307415183663
5.300000000000   15.000000000000   0.000000000000   3.046279835657   100.000000000000   0.695290855400   -0.605437874099   1.143694491906   4.358148828985
5.350000000000   15.000000000000   0.000000000000   3.046279835657   100.000000000000   0.695999501817   -0.615409228753   1.159813910781   4.409211068182
5.400000000000   15.000000000000   0.000000000000   3.046279835657   100.000000000000   0.696673788721   -0.625580705624   1.176236606839   4.460592563321
5.450000000000   15.000000000000   0.000000000000   3.046279835657   100.000000000000   0.697317140540   -0.635906574018   1.192966294511   4.512283704588
5.500000000000   15.000000000000   0.000000000000   3.046279835657   100.000000000000   0.697933084858   -0.646551325663   1.210006886340   4.564274702078
5.550000000000   15.000000000000   0.000000000000   3.046279835657   100.000000000000   0.698525222863   -0.657476741634   1.227362515764   4.616555694981
5.600000000000   15.000000000000   0.000000000000   3.046279835657   100.000000000000   0.699097197881   -0.668578596944   1.245037553718   4.669116876728
5.650000000000   15.000000000000   0.000000000000   3.046279835657   100.000000000000   0.699652662500   -0.679973487847   1.263036617576   4.721948634411
5.700000000000   15.000000000000   0.000000000000   3.046279835657   100.000000000000   0.700195244901   -0.691741783481   1.281364571823   4.775041699852
5.750000000000   15.000000000000   0.000000000000   3.046279835657   100.000000000000   0.700728514982   -0.703715872492   1.300026519475   4.828387309583
5.800000000000   15.000000000000   0.000000000000   3.046279835657   100.000000000000   0.701255950932   -0.716014555926   1.319027783856   4.881977370342
5.850000000000   15.000000000000   0.000000000000   3.046279835657   100.000000000000   0.701780906885   -0.728737980266   1.338373880697   4.935804626448
5.900000000000   15.000000000000   0.000000000000   3.046279835657   100.000000000000   0.702306582293   -0.741703026335   1.358070480366   4.989862825319
5.950000000000   15.000000000000   0.000000000000   3.046279835657   100.000000000000   0.702835993588   -0.755040596854   1.378123361120   5.044146877072
6.000000000000   15.000000000000   0.000000000000   3.046279835657   100.000000000000   0.703371948716   -0.768854439613   1.398538353777   5.098653004444
6.050000000000   15.000000000000   0.000000000000   3.046279835657   100.000000000000   0.703984532040   -0.782949992876   1.419321279095   5.153378879242
6.100000000000   15.000000000000   0.000000000000   3.046279835657   100.000000000000   0.704642421857   -0.797538914100   1.440477879288   5.208323741909
6.150000000000   15.000000000000   0.000000000000   3.046279835657   100.000000000000   0.705317159715   -0.812590566665   1.462013744926   5.263488501195
6.200000000000   15.000000000000   0.000000000000   3.046279835657   100.000000000000   0.706009947833   -0.827964054207   1.483934239420   5.318875811454
6.250000000000   15.000000000000   0.000000000000   3.046279835657   100.000000000000   0.706721721573   -0.843980076154   1.506244422576   5.374490125635
6.300000000000   15.000000000000   0.000000000000   3.046279835657   100.000000000000   0.707453155219   -0.860419582661   1.528948975149   5.430337722793
6.350000000000   15.000000000000   0.000000000000   3.046279835657   100.000000000000   0.708204671660   -0.877315972326   1.552052126444   5.486426709648
6.400000000000   15.000000000000   0.000000000000   3.046279835657   100.000000000000   0.708976455625   -0.894891411834   1.575557586180   5.542766996250
6.450000000000   15.000000000000   0.000000000000   3.046279835657   100.000000000000   0.711032109285   -0.912852879565   1.599468482415   5.599370246822
6.500000000000   15.000000000000   0.000000000000   3.046279835657   100.000000000000   0.714256243556   -0.931507324026   1.623787306610   5.656249807160
6.550000000000   15.000000000000   0.000000000000   3.046279835657   100.000000000000   0.717471676671   -0.950695202260   1.648515866418   5.713420610559
6.600000000000   15.000000000000   0.000000000000   3.046279835657   100.000000000000   0.720677765896   -0.970439026259   1.673655247054   5.770899064904
6.650000000000   15.000000000000   0.000000000000   3.046279835657   100.000000000000   0.723873900586   -0.990902957250   1.699205781115   5.828702923457
6.700000000000   15.000000000000   0.000000000000   3.046279835657   100.000000000000   0.727059504210   -1.011785564103   1.725167026539   5.886851142274
6.750000000000   15.000000000000   0.000000000000   3.046279835657   100.000000000000   0.730234036118   -1.033554330058   1.751537752442   5.945363727356
6.800000000000   15.000000000000   0.000000000000   3.046279835657   100.000000000000   0.733396993065   -1.055762779792   1.778315931744   6.004261574139
6.850000000000   15.000000000000   0.000000000000   3.046279835657   100.000000000000   0.736547910553   -1.078765204843   1.805498739511   6.063566302084
6.950000000000   15.000000000000   0.000000000000   3.046279835657   100.000000000000   0.742811969640   -1.126557394277   1.861062973474   6.183485492421
7.000000000000   15.000000000000   0.000000000000   3.046279835657   100.000000000000   0.745924385619   -1.151466267973   1.889434803709   6.244145303440
7.050000000000   15.000000000000   0.000000000000   3.046279835657   100.000000000000   0.749023312543   -1.176995768265   1.918192088201   6.305302361971
7.100000000000   15.000000000000   0.000000000000   3.046279835657   100.000000000000   0.752108494241   -1.203254717921   1.947328106758   6.366979406830
7.150000000000   15.000000000000   0.000000000000   3.046279835657   100.000000000000   0.755179718305   -1.230044305113   1.976835385271   6.429198917890
7.200000000000   15.000000000000   0.000000000000   3.046279835657   100.000000000000   0.758236816524   -1.257639843276   2.006705701567   6.491982965566
7.250000000000   15.000000000000   0.000000000000   3.046279835657   100.000000000000   0.761279665211   -1.285718351488   2.036930088704   6.555353065580
7.300000000000   15.000000000000   0.000000000000   3.046279835657   100.000000000000   0.764308185384   -1.314623733714   2.067498835348   6.619330039129
7.350000000000   15.000000000000   0.000000000000   3.046279835657   100.000000000000   0.767322342785   -1.343928466715   2.098401483345   6.683933878796
7.400000000000   15.000000000000   0.000000000000   3.046279835657   100.000000000000   0.770322147719   -1.374110105077   2.129626822580   6.749183620016
7.450000000000   15.000000000000   0.000000000000   3.046279835657   100.000000000000   0.773307654674   -1.404645269586   2.161162883350   6.815097218053
7.500000000000   15.000000000000   0.000000000000   3.046279835657   100.000000000000   0.776278961716   -1.436057723201   2.192996926956   6.881691430766
7.550000000000   15.000000000000   0.000000000000   3.046279835657   100.000000000000   0.779236209608   -1.467766466469   2.225115435253   6.948981707366
7.600000000000   15.000000000000   0.000000000000   3.046279835657   100.000000000000   0.782179580654   -1.500322779975   2.257504099865   7.016982083189
7.650000000000   15.000000000000   0.000000000000   3.046279835657   100.000000000000   0.785138930129   -1.533178880330   2.290147812069   7.085705081106
7.700000000000   15.000000000000   0.000000000000   3.046279835657   100.000000000000   0.788127122871   -1.566823799622   2.323030654466   7.155161620175
7.750000000000   15.000000000000   0.000000000000   3.046279835657   100.000000000000   0.791104527233   -1.600761578678   2.356135895385   7.225360931964
7.800000000000   15.000000000000   0.000000000000   3.046279835657   100.000000000000   0.794071365480   -1.635371142324   2.389445987004   7.296310485330
7.850000000000   15.000000000000   0.000000000000   3.046279835657   100.000000000000   0.797027890360   -1.670319828093   2.422942568352   7.368015920700
7.900000000000   15.000000000000   0.000000000000   3.046279835657   100.000000000000   0.799974382472   -1.705844173260   2.456606474065   7.440480994540
7.950000000000   15.000000000000   0.000000000000   3.046279835657   100.000000000000   0.802911147354   -1.741721921756   2.490417749627   7.513707534719
8.000000000000   15.000000000000   0.000000000000   3.046279835657   100.000000000000   0.805838512325   -1.778007574519   2.524355673896   7.587695407941
8.050000000000   15.000000000000   0.000000000000   3.046279835657   100.000000000000   0.808756823109   -1.814727457708   2.558398789518   7.662442499961
8.100000000000   15.000000000000   0.000000000000   3.046279835657   100.000000000000   0.811666440294   -1.851702651782   2.592524941458   7.737944708957
8.150000000000   15.000000000000   0.000000000000   3.046279835657   100.000000000000   0.814567735684   -1.889167280584   2.626711323829   7.814195952703
8.200000000000   15.000000000000   0.000000000000   3.046279835657   100.000000000000   0.817461088571   -1.926649673661   2.660934535145   7.891188190172
8.250000000000   15.000000000000   0.000000000000   3.046279835657   100.000000000000   0.820346882012   -1.964757100771   2.695170641663   7.968911457352
8.300000000000   15.000000000000   0.000000000000   3.046279835657   100.000000000000   0.823225499155   -2.002826849550   2.729395248267   8.047353917017
8.350000000000   15.000000000000   0.000000000000   3.046279835657   100.000000000000   0.826097319674   -2.041295006694   2.763583576413   8.126501922504
8.400000000000   15.000000000000   0.000000000000   3.046279835657   100.000000000000   0.828962716365   -2.079847107695   2.797710548326   8.206340094874
8.450000000000   15.000000000000   0.000000000000   3.046279835657   100.000000000000   0.831822051948   -2.118458504484   2.831750876312   8.286851412222
8.500000000000   15.000000000000   0.000000000000   3.046279835657   100.000000000000   0.834675676148   -2.157378803213   2.865679156098   8.368017310350
8.550000000000   15.000000000000   0.000000000000   3.046279835657   100.000000000000   0.837523923050   -2.196113185291   2.899469963104   8.449817793763
8.600000000000   15.000000000000   0.000000000000   3.046279835657   100.000000000000   0.840367108794   -2.235190319674   2.933097950217   8.532231555233
8.650000000000   15.000000000000   0.000000000000   3.046279835657   100.000000000000   0.843205529620   -2.274124125288   2.966537945610   8.615236102349
8.700000000000   15.000000000000   0.000000000000   3.046279835657   100.000000000000   0.846039460277   -2.312931198575   2.999765049413   8.698807889892
8.750000000000   15.000000000000   0.000000000000   3.046279835657   100.000000000000   0.848869152802   -2.351946174126   3.032754727871   8.782922456032
8.800000000000   15.000000000000   0.000000000000   3.046279835657   100.000000000000   0.851694835669   -2.390634577918   3.065482903487   8.867554560266
8.850000000000   15.000000000000   0.000000000000   3.046279835657   100.000000000000   0.854516713304   -2.429337912895   3.097926040071   8.952678322070
8.900000000000   15.000000000000   0.000000000000   3.046279835657   100.000000000000   0.857334965934   -2.467944160324   3.130061221691   9.038267358820
8.950000000000   15.000000000000   0.000000000000   3.046279835657   100.000000000000   0.860149749757   -2.506139290321   3.161866224318   9.124294920681
9.000000000000   15.000000000000   0.000000000000   3.046279835657   100.000000000000   0.863028226422   -2.544350109296   3.193319579293   9.210734021296
9.050000000000   15.000000000000   0.000000000000   3.046279835657   100.000000000000   0.865923476818   -2.582313008832   3.224400628120   9.297557563763
9.100000000000   15.000000000000   0.000000000000   3.046279835657   100.000000000000   0.868815988302   -2.619790739143   3.255089567966   9.384738460301
9.150000000000   15.000000000000   0.000000000000   3.046279835657   100.000000000000   0.871705777761   -2.657243335005   3.285367487248   9.472249744296
9.200000000000   15.000000000000   0.000000000000   3.046279835657   100.000000000000   0.874592845518   -2.694349372080   3.315216391295   9.560064674912
9.250000000000   15.000000000000   0.000000000000   3.046279835657   100.000000000000   0.877477176650   -2.730907344223   3.344619218052   9.648156833507
9.300000000000   15.000000000000   0.000000000000   3.046279835657   100.000000000000   0.880358742404   -2.767221384028   3.373559843607   9.736500210447
9.350000000000   15.000000000000   0.000000000000   3.046279835657   100.000000000000   0.883237501676   -2.803286814103   3.402023077773   9.825069282987
9.400000000000   15.000000000000   0.000000000000   3.046279835657   100.000000000000   0.886113402533   -2.838753689510   3.429994650261   9.913839084935
9.450000000000   15.000000000000   0.000000000000   3.046279835657   100.000000000000   0.888986383717   -2.873686851632   3.457461187589   10.002785266784
9.500000000000   15.000000000000   0.000000000000   3.046279835657   100.000000000000   0.891856376172   -2.908552610704   3.484410181034   10.091884146290
9.550000000000   15.000000000000   0.000000000000   3.046279835657   100.000000000000   0.894723304529   -2.942780597240   3.510829946417   10.181112751220
9.600000000000   15.000000000000   0.000000000000   3.046279835657   100.000000000000   0.897587088544   -2.976348789694   3.536709576275   10.270448853869
9.650000000000   15.000000000000   0.000000000000   3.046279835657   100.000000000000   0.900447644478   -3.009508735263   3.562038884674   10.359870996625
9.700000000000   15.000000000000   0.000000000000   3.046279835657   100.000000000000   0.903304886426   -3.042378600214   3.586808345415   10.449358510656
9.750000000000   15.000000000000   0.000000000000   3.046279835657   100.000000000000   0.906158727570   -3.074564270248   3.611009024419   10.538891528835
9.800000000000   15.000000000000   0.000000000000   3.046279835657   100.000000000000   0.909009081338   -3.106049172067   3.634632506531   10.628450991193
9.850000000000   15.000000000000   0.000000000000   3.046279835657   100.000000000000   0.911855862510   -3.137126123949   3.657670817128   10.718018643788
9.900000000000   15.000000000000   0.000000000000   3.046279835657   100.000000000000   0.914698988241   -3.167835114254   3.680116339346   10.807577033630
9.950000000000   15.000000000000   0.000000000000   3.046279835657   100.000000000000   0.917538379001   -3.197829552430   3.701961727153   10.897109498680
10.000000000000   15.000000000000   0.000000000000   3.046279835657   100.000000000000   0.920373959437   -3.227096901687   3.723199814282   10.986600152026
10.050000000000   15.000000000000   0.000000000000   3.046279835657   100.000000000000   0.923205659191   -3.255664352554   3.743823519456   11.076033863300
10.100000000000   15.000000000000   0.000000000000   3.046279835657   100.000000000000   0.926033413646   -3.284096895440   3.763825748137   11.165396238329
10.150000000000   15.000000000000   0.000000000000   3.046279835657   100.000000000000   0.928857164598   -3.311795737613   3.783199290455   11.254673594418
10.200000000000   15.000000000000   0.000000000000   3.046279835657   100.000000000000   0.931701712076   -3.338750732909   3.801936715146   11.343852932260
10.250000000000   15.000000000000   0.000000000000   3.046279835657   100.000000000000   0.934595786154   -3.364952414348   3.820030259470   11.432921907729
10.300000000000   15.000000000000   0.000000000000   3.046279835657   100.000000000000   0.937485713605   -3.390580306256   3.837471714549   11.521868801935
10.350000000000   15.000000000000   0.000000000000   3.046279835657   100.000000000000   0.940371447295   -3.415891638765   3.854252305239   11.610682487540
10.400000000000   15.000000000000   0.000000000000   3.046279835657   100.000000000000   0.943252949831   -3.440444658375   3.870362563975   11.699352394751
10.450000000000   15.000000000000   0.000000000000   3.046279835657   100.000000000000   0.946130194057   -3.464229990894   3.885792197627   11.787868478755
10.500000000000   15.000000000000   0.000000000000   3.046279835657   100.000000000000   0.949003163534   -3.487238341636   3.900529945856   11.876221185063
10.550000000000   15.000000000000   0.000000000000   3.046279835657   100.000000000000   0.951871853060   -3.509460389229   3.914563429438   11.964401412463
10.600000000000   15.000000000000   0.000000000000   3.046279835657   100.000000000000   0.954736269265   -3.531450236007   3.927878986889   12.052400477690
10.650000000000   15.000000000000   0.000000000000   3.046279835657   100.000000000000   0.957596431239   -3.552713657457   3.940461496991   12.140210081024
10.700000000000   15.000000000000   0.000000000000   3.046279835657   100.000000000000   0.960452371206   -3.573177111718   3.952294184342   12.227822268683
10.750000000000   15.000000000000   0.000000000000   3.046279835657   100.000000000000   0.963304135322   -3.592828053830   3.963358404929   12.315229393886
10.800000000000   15.000000000000   0.000000000000   3.046279835657   100.000000000000   0.966151784611   -3.611653093881   3.973633407843   12.402424080462
10.850000000000   15.000000000000   0.000000000000   3.046279835657   100.000000000000   0.968995396012   -3.629637824371   3.983096068146   12.489399186361
10.900000000000   15.000000000000   0.000000000000   3.046279835657   100.000000000000   0.971835063580   -3.647339785029   3.991720585257   12.576147763409
10.950000000000   15.000000000000   0.000000000000   3.046279835657   100.000000000000   0.974670899934   -3.664215670705   3.999478140262   12.662663016603
11.000000000000   15.000000000000   0.000000000000   3.046279835657   100.000000000000   0.977503037979   -3.680211794150   4.006336503414   12.748938265852
11.050000000000   15.000000000000   0.000000000000   3.046279835657   100.000000000000   0.980331632908   -3.695305771256   4.012259581029   12.834966905940
11.100000000000   15.000000000000   0.000000000000   3.046279835657   100.000000000000   0.983156864557   -3.709472836172   4.017206889171   12.920742361338
11.150000000000   15.000000000000   0.000000000000   3.046279835657   100.000000000000   0.985978940276   -3.722685468648   4.021132938240   13.006258039566
11.200000000000   15.000000000000   0.000000000000   3.046279835657   100.000000000000   0.988798098392   -3.734975822985   4.023986507589   13.091507285170
11.250000000000   15.000000000000   0.000000000000   3.046279835657   100.000000000000   0.991614612330   -3.746776541347   4.025709783921   13.176483329185
11.300000000000   15.000000000000   0.000000000000   3.046279835657   100.000000000000   0.994428795605   -3.757528170938   4.026237330922   13.261179230524
11.350000000000   15.000000000000   0.000000000000   3.046279835657   100.000000000000   0.997241007966   -3.767185244415   4.025494847621   13.345587812679
11.400000000000   15.000000000000   0.000000000000   3.046279835657   100.000000000000   1.000051662969   -3.775696285412   4.023397658588   13.429701597262
11.450000000000   15.000000000000   0.000000000000   3.046279835657   100.000000000000   1.002861237315   -3.783002749839   4.019848861314   13.513512728300
11.500000000000   15.000000000000   0.000000000000   3.046279835657   100.000000000000   1.005670282481   -3.789037723356   4.014737032295   13.597012881710
11.550000000000   15.000000000000   0.000000000000   3.046279835657   100.000000000000   1.008479439445   -3.793724303781   4.007933357644   13.680193160940
11.600000000000   15.000000000000   0.000000000000   3.046279835657   100.000000000000   1.011289457500   -3.797151284574   3.999288001622   13.763043978358
11.650000000000   15.000000000000   0.000000000000   3.046279835657   100.000000000000   1.014121386470   -3.799414437947   3.988625452471   13.845554913112
11.700000000000   15.000000000000   0.000000000000   3.046279835657   100.000000000000   1.017001038985   -3.800016824545   3.975738476521   13.927714533136
11.750000000000   15.000000000000   0.000000000000   3.046279835657   100.000000000000   1.019884034085   -3.798812163158   3.960380144036   14.009510172758
11.800000000000   15.000000000000   0.000000000000   3.046279835657   100.000000000000   1.022771792446   -3.795625711167   3.942253127014   14.090927654494
11.850000000000   15.000000000000   0.000000000000   3.046279835657   100.000000000000   1.025666057796   -3.790246273020   3.920995049706   14.171950929079
11.900000000000   15.000000000000   0.000000000000   3.046279835657   100.000000000000   1.028569001217   -3.782415088096   3.896157982785   14.252561590502
11.950000000000   15.000000000000   0.000000000000   3.046279835657   100.000000000000   1.031483371995   -3.771809973292   3.867178987085   14.332738205300
12.000000000000   15.000000000000   0.000000000000   3.046279835657   100.000000000000   1.034412722686   -3.758021990874   3.833336488046   14.412455360192
12.000100000000   15.000000000000   0.000000000000   3.046279835657   100.000000000000   1.034418599303   -3.757990895563   3.833263343036   14.412614314609
12.000200000000   15.000000000000   0.000000000000   3.046279835657   100.000000000000   1.034424476000   -3.757959785448   3.833190174882   14.412773267069
12.031320152955   15.000000000000   0.000000000000   3.046279835657   100.000000000000   1.036257342537   -3.747533494677   3.809249842803   14.462142931172
12.061255632341   15.000000000000   0.000000000000   3.046279835657   100.000000000000   1.038028949088   -3.735999611753   3.783833131079   14.509445885741
12.089848519250   15.000000000000   0.000000000000   3.046279835657   100.000000000000   1.039730351377   -3.723580441581   3.757080531361   14.554447385792
12.117018193847   15.000000000000   0.000000000000   3.046279835657   100.000000000000   1.041356991089   -3.710299863981   3.729112027685   14.597037533076
12.142714943989   15.000000000000   0.000000000000   3.046279835657   100.000000000000   1.042905977598   -3.696151717549   3.700055153923   14.637156584370
12.166918781532   15.000000000000   0.000000000000   3.046279835657   100.000000000000   1.044376036924   -3.681231013818   3.670038385624   14.674792156975
12.189636156104   15.000000000000   0.000000000000   3.046279835657   100.000000000000   1.045767343513   -3.665631740981   3.639185665471   14.709973232750
12.210895349253   15.000000000000   0.000000000000   3.046279835657   100.000000000000   1.047081276485   -3.649443541573   3.607612500226   14.742762263224
12.230741399161   15.000000000000   0.000000000000   3.046279835657   100.000000000000   1.048320146920   -3.632749476666   3.575423627850   14.773246737612
12.249231210243   15.000000000000   0.000000000000   3.046279835657   100.000000000000   1.049486932541   -3.615624776351   3.542712016464   14.801531230429
12.266429251600   15.000000000000   0.000000000000   3.046279835657   100.000000000000   1.050585042631   -3.598136376541   3.509558856567   14.827730530692
12.282404025438   15.000000000000   0.000000000000   3.046279835657   100.000000000000   1.051618123828   -3.580343017823   3.476034208726   14.851964096974
12.297225327016   15.000000000000   0.000000000000   3.046279835657   100.000000000000   1.052589908534   -3.562295704034   3.442198024557   14.874351833953
12.310962223679   15.000000000000   0.000000000000   3.046279835657   100.000000000000   1.053504102404   -3.544038360544   3.408101332044   14.895011045054
12.323681637949   15.000000000000   0.000000000000   3.046279835657   100.000000000000   1.054364304854   -3.525608577322   3.373787445334   14.914054356828
12.335447410524   15.000000000000   0.000000000000   3.046279835657   100.000000000000   1.055173955967   -3.507038360979   3.339293114445   14.931588403709
12.346319728514   15.000000000000   0.000000000000   3.046279835657   100.000000000000   1.055936303584   -3.488354850116   3.304649570262   14.947713082649
12.356354821810   15.000000000000   0.000000000000   3.046279835657   100.000000000000   1.056654385284   -3.469580969648   3.269883446721   14.962521219003
12.365604849805   15.000000000000   0.000000000000   3.046279835657   100.000000000000   1.057331020998   -3.450736013931   3.235017578379   14.976098518467
12.374117918725   15.000000000000   0.000000000000   3.046279835657   100.000000000000   1.057968812964   -3.431836157302   3.200071680672   14.988523710147
12.381938185031   15.000000000000   0.000000000000   3.046279835657   100.000000000000   1.058570150566   -3.412894895649   3.165062924613   14.999868810899
12.389106012575   15.000000000000   0.000000000000   3.046279835657   100.000000000000   1.059137218250   -3.393923425202   3.130006419236   15.010199460932
12.395658160619   15.000000000000   0.000000000000   3.046279835657   100.000000000000   1.059672005253   -3.375045319252   3.094915614946   15.019575295861
12.401627986916   15.000000000000   0.000000000000   3.046279835657   100.000000000000   1.060176316254   -3.356252435857   3.059802639863   15.028050331515
12.407045655271   15.000000000000   0.000000000000   3.046279835657   100.000000000000   1.060651782344   -3.337466967860   3.024678580133   15.035673346150
12.411938340725   15.000000000000   0.000000000000   3.046279835657   100.000000000000   1.061099871933   -3.318693258249   2.989553713286   15.042488250323
12.416330428241   15.000000000000   0.000000000000   3.046279835657   100.000000000000   1.061521901353   -3.299934556522   2.954437702673   15.048534438974
12.420243702608   15.000000000000   0.000000000000   3.046279835657   100.000000000000   1.061919045014   -3.281193157136   2.919339759422   15.053847122960
12.423697528582   15.000000000000   0.000000000000   3.046279835657   100.000000000000   1.062292345071   -3.262470517443   2.884268777455   15.058457639252
12.426709021154   15.000000000000   0.000000000000   3.046279835657   100.000000000000   1.062642720566   -3.243767358614   2.849233445956   15.062393740200
12.429293206391   15.000000000000   0.000000000000   3.046279835657   100.000000000000   1.062970976083   -3.225083752534   2.814242342932   15.065679863108
12.431463173665   15.000000000000   0.000000000000   3.046279835657   100.000000000000   1.063277809947   -3.206419197198   2.779304012784   15.068337381828
12.433230220280   15.000000000000   0.000000000000   3.046279835657   100.000000000000   1.063563822028   -3.187772682733   2.744427030271   15.070384842279
12.434603989581   15.000000000000   0.000000000000   3.046279835657   100.000000000000   1.063829521194   -3.169142749816   2.709620052719   15.071838183943
12.435592603690   15.000000000000   0.000000000000   3.046279835657   100.000000000000   1.064075332488   -3.150527541990   2.674891861980   15.072710949371
12.436202791928   15.000000000000   0.000000000000   3.046279835657   100.000000000000   1.064301604086   -3.131924853127   2.640251397313   15.073014483586
12.436440015944   15.000000000000   0.000000000000   3.046279835657   100.000000000000   1.064508614075   -3.113332171058   2.605707780078   15.072758125224
12.436308592459   15.000000000000   0.000000000000   3.046279835657   100.000000000000   1.064696577123   -3.094746718249   2.571270330956   15.071949391018
12.435811814391   15.000000000000   0.000000000000   3.046279835657   100.000000000000   1.064865651068   -3.076247113239   2.536948580191   15.070594155066
12.434952071022   15.000000000000   0.000000000000   3.046279835657   100.000000000000   1.065015943469   -3.058093189424   2.502752271286   15.068696824095
12.433730967670   15.000000000000   0.000000000000   3.046279835657   100.000000000000   1.065147518139   -3.039946952402   2.468691358414   15.066260509726
12.432149445207   15.000000000000   0.000000000000   3.046279835657   100.000000000000   1.065260401697   -3.021804284866   2.434775997791   15.063287198507
12.430207899558   15.000000000000   0.000000000000   3.046279835657   100.000000000000   1.065354590115   -3.003660916944   2.401016533207   15.059777920193
12.427906301172   15.000000000000   0.000000000000   3.046279835657   100.000000000000   1.065430055301   -2.985512457312   2.367423475869   15.055732914585
12.425244314255   15.000000000000   0.000000000000   3.046279835657   100.000000000000   1.065486751669   -2.967354424646   2.334007478765   15.051151796922
12.422221415397   15.000000000000   0.000000000000   3.046279835657   100.000000000000   1.065524622703   -2.949182279449   2.300779305746   15.046033721596
12.418837011052   15.000000000000   0.000000000000   3.046279835657   100.000000000000   1.065543607478   -2.930991456174   2.267749795601   15.040377543738
12.415090553184   15.000000000000   0.000000000000   3.046279835657   100.000000000000   1.065543647094   -2.912777395460   2.234929821446   15.034181978001
12.410981652247   15.000000000000   0.000000000000   3.046279835657   100.000000000000   1.065524690988   -2.894535576239   2.202330245836   15.027445753636
12.406510186548   15.000000000000   0.000000000000   3.046279835657   100.000000000000   1.065486703067   -2.876735005538   2.169961872098   15.020167764849
12.401676406983   15.000000000000   0.000000000000   3.046279835657   100.000000000000   1.065429667608   -2.858972964948   2.137835392447   15.012347215243
12.396481036022   15.000000000000   0.000000000000   3.046279835657   100.000000000000   1.065353594857   -2.841176255708   2.105961333588   15.003983755087
12.390925359873   15.000000000000   0.000000000000   3.046279835657   100.000000000000   1.065258526281   -2.823339593145   2.074350000531   14.995077610107
12.385011312697   15.000000000000   0.000000000000   3.046279835657   100.000000000000   1.065144539386   -2.805457790419   2.043011419487   14.985629700492
12.378741551863   15.000000000000   0.000000000000   3.046279835657   100.000000000000   1.065011752071   -2.787525790832   2.011955280739   14.975641748878
12.372119523292   15.000000000000   0.000000000000   3.046279835657   100.000000000000   1.064860326439   -2.769538699384   1.981190882447   14.965116376144
12.365149516115   15.000000000000   0.000000000000   3.046279835657   100.000000000000   1.064690472027   -2.751491813056   1.950727076404   14.954057184040
12.357836705995   15.000000000000   0.000000000000   3.046279835657   100.000000000000   1.064502448424   -2.733796729048   1.920572216741   14.942468823823
12.350187186751   15.000000000000   0.000000000000   3.046279835657   100.000000000000   1.064296567229   -2.716237898364   1.890734112598   14.930357050304
12.342207990079   15.000000000000   0.000000000000   3.046279835657   100.000000000000   1.064073193361   -2.698608945616   1.861219985706   14.917728760990
12.333907093490   15.000000000000   0.000000000000   3.046279835657   100.000000000000   1.063832745696   -2.680904530190   1.832036433776   14.904592020233
12.325293416786   15.000000000000   0.000000000000   3.046279835657   100.000000000000   1.063575697065   -2.663119559053   1.803189400456   14.890956068647
12.316376807703   15.000000000000   0.000000000000   3.046279835657   100.000000000000   1.063302573628   -2.645249219552   1.774684152441   14.876831318305
12.307168017506   15.000000000000   0.000000000000   3.046279835657   100.000000000000   1.063013953678   -2.627289009748   1.746525264171   14.862229334538
12.297678667579   15.000000000000   0.000000000000   3.046279835657   100.000000000000   1.062710465914   -2.609643896949   1.718716610261   14.847162805419
12.287921208147   15.000000000000   0.000000000000   3.046279835657   100.000000000000   1.062392787269   -2.592172525020   1.691261365643   14.831645500267
12.277908870389   15.000000000000   0.000000000000   3.046279835657   100.000000000000   1.062061640331   -2.574599159098   1.664162013118   14.815692218664
12.267655613257   15.000000000000   0.000000000000   3.046279835657   100.000000000000   1.061717790460   -2.556918661220   1.637420357877   14.799318731656
12.257176066326   15.000000000000   0.000000000000   3.046279835657   100.000000000000   1.061362042647   -2.539126257342   1.611037548385   14.782541716890
12.246485470010   15.000000000000   0.000000000000   3.046279835657   100.000000000000   1.060995238209   -2.521217571365   1.585014102976   14.765378689452
12.235599614443   15.000000000000   0.000000000000   3.046279835657   100.000000000000   1.060618251370   -2.503433644058   1.559349941473   14.747847930207
12.224534778278   15.000000000000   0.000000000000   3.046279835657   100.000000000000   1.060231985822   -2.486002145655   1.534044421167   14.729968413251
12.213307668578   15.000000000000   0.000000000000   3.046279835657   100.000000000000   1.059837371292   -2.468440192490   1.509096376521   14.711759734070
12.201935362896   15.000000000000   0.000000000000   3.046279835657   100.000000000000   1.059435360219   -2.450742828554   1.484504161953   14.693242039673
12.190435254420   15.000000000000   0.000000000000   3.046279835657   100.000000000000   1.059026924553   -2.432905601218   1.460265697027   14.674435961811
12.178825000940   15.000000000000   0.000000000000   3.046279835657   100.000000000000   1.058613052747   -2.414924602767   1.436378513275   14.655362554049
12.167122478079   15.000000000000   0.000000000000   3.046279835657   100.000000000000   1.058194746961   -2.397290349833   1.412839801815   14.636043233223
12.155345737068   15.000000000000   0.000000000000   3.046279835657   100.000000000000   1.057773020495   -2.379772192285   1.389646460843   14.616499725582
12.143512967081   15.000000000000   0.000000000000   3.046279835657   100.000000000000   1.057359233753   -2.362094813494   1.366795142104   14.596754017782
12.131642462050   15.000000000000   0.000000000000   3.046279835657   100.000000000000   1.056956028365   -2.344253876603   1.344282295613   14.576828312850
12.119752591838   15.000000000000   0.000000000000   3.046279835657   100.000000000000   1.056552412641   -2.326245727673   1.322104212110   14.556744991284
12.107861777622   15.000000000000   0.000000000000   3.046279835657   100.000000000000   1.056149392649   -2.308412560821   1.300257063071   14.536526577535
12.095988471414   15.000000000000   0.000000000000   3.046279835657   100.000000000000   1.055747975570   -2.290848755124   1.278736938317   14.516195712085
12.084151139592   15.000000000000   0.000000000000   3.046279835657   100.000000000000   1.055349168439   -2.273101072083   1.257539881422   14.495775129203
12.072368250240   15.000000000000   0.000000000000   3.046279835657   100.000000000000   1.054953977062   -2.255165730513   1.236661923029   14.475287640132
12.060658263862   15.000000000000   0.000000000000   3.046279835657   100.000000000000   1.054563405096   -2.237039853868   1.216099111977   14.454756121058
12.049039626850   15.000000000000   0.000000000000   3.046279835657   100.000000000000   1.054178453252   -2.219228841237   1.195847543903   14.434203504805
12.037530766904   15.000000000000   0.000000000000   3.046279835657   100.000000000000   1.053800118599   -2.201531493219   1.175903386787   14.413652775060
12.026150089580   15.000000000000   0.000000000000   3.046279835657   100.000000000000   1.053429393921   -2.183626900196   1.156262903013   14.393126962042
12.014915975328   15.000000000000   0.000000000000   3.046279835657   100.000000000000   1.053067267101   -2.165512473013   1.136922467796   14.372649138975
12.003846776583   15.000000000000   0.000000000000   3.046279835657   100.000000000000   1.052714720492   -2.147297738305   1.117878584252   14.352242419261
11.992960814745   15.000000000000   0.000000000000   3.046279835657   100.000000000000   1.052372730262   -2.129597484417   1.099127895750   14.331929954550
11.982276376881   15.000000000000   0.000000000000   3.046279835657   100.000000000000   1.052042265692   -2.111670830824   1.080667196179   14.311734933859
11.971811711852   15.000000000000   0.000000000000   3.046279835657   100.000000000000   1.051724288430   -2.093516012696   1.062493438539   14.291680583285
11.961585025253   15.000000000000   0.000000000000   3.046279835657   100.000000000000   1.051419751649   -2.075132711378   1.044603741704   14.271790165246
11.951614472378   15.000000000000   0.000000000000   3.046279835657   100.000000000000   1.051129599115   -2.057335168920   1.026995394877   14.252086975584
11.941918148390   15.000000000000   0.000000000000   3.046279835657   100.000000000000   1.050854764101   -2.039342416067   1.009665859179   14.232594337052
11.932514075192   15.000000000000   0.000000000000   3.046279835657   100.000000000000   1.050596168155   -2.021106025779   0.992612766230   14.213335588315
11.923420184860   15.000000000000   0.000000000000   3.046279835657   100.000000000000   1.050354719680   -2.002627379502   0.975833914111   14.194334068435
11.914654299728   15.000000000000   0.000000000000   3.046279835657   100.000000000000   1.050131312341   -1.984773129057   0.959327261509   14.175613097259
11.906234109166   15.000000000000   0.000000000000   3.046279835657   100.000000000000   1.049926823281   -1.966665522541   0.943090920727   14.157195951811
11.898177142842   15.000000000000   0.000000000000   3.046279835657   100.000000000000   1.049742111138   -1.948302544091   0.927123149752   14.139105837878
11.890500739931   15.000000000000   0.000000000000   3.046279835657   100.000000000000   1.049578013842   -1.929934618819   0.911422343001   14.121365855105
11.883222013784   15.000000000000   0.000000000000   3.046279835657   100.000000000000   1.049435346159   -1.911945680388   0.895987020158   14.103998953604
11.876357811799   15.000000000000   0.000000000000   3.046279835657   100.000000000000   1.049314896974   -1.893690899233   0.880815812733   14.087027880602
11.869924670583   15.000000000000   0.000000000000   3.046279835657   100.000000000000   1.049217426289   -1.875175454035   0.865907448464   14.070475116334
11.863938766679   15.000000000000   0.000000000000   3.046279835657   100.000000000000   1.049143661943   -1.857040929760   0.851260733732   14.054362798817
11.858415863087   15.000000000000   0.000000000000   3.046279835657   100.000000000000   1.049094296062   -1.838879059170   0.836874533785   14.038712636902
11.853371251770   15.000000000000   0.000000000000   3.046279835657   100.000000000000   1.049069981298   -1.820450314504   0.822747749772   14.023545810819
11.848819692704   15.000000000000   0.000000000000   3.046279835657   100.000000000000   1.049071326927   -1.802070164496   0.808879291262   14.008882860102
11.844775350856   15.000000000000   0.000000000000   3.046279835657   100.000000000000   1.049098894991   -1.783996060840   0.795268043567   13.994743561311
11.841251733634   15.000000000000   0.000000000000   3.046279835657   100.000000000000   1.049153196674   -1.765652465971   0.781912831202   13.981146801884
11.838261632137   15.000000000000   0.000000000000   3.046279835657   100.000000000000   1.049234689134   -1.747114380796   0.768812381749   13.968110460699
11.835817069196   15.000000000000   0.000000000000   3.046279835657   100.000000000000   1.049343772904   -1.729116903213   0.755965297106   13.955651308306
11.833929255248   15.000000000000   0.000000000000   3.046279835657   100.000000000000   1.049480789814   -1.710850488286   0.743370039672   13.943784937505
11.832608549862   15.000000000000   0.000000000000   3.046279835657   100.000000000000   1.049646021166   -1.692328421328   0.731024937306   13.932525726291
11.831864424153   15.000000000000   0.000000000000   3.046279835657   100.000000000000   1.049839685775   -1.674349698105   0.718928202413   13.921886820855
11.831705419942   15.000000000000   0.000000000000   3.046279835657   100.000000000000   1.050061937597   -1.656161234732   0.707077950916   13.911880112716
11.832139106549   15.000000000000   0.000000000000   3.046279835657   100.000000000000   1.050312862831   -1.637723611944   0.695472204154   13.902516180643
11.833172042198   15.000000000000   0.000000000000   3.046279835657   100.000000000000   1.050592476539   -1.619741597025   0.684108867202   13.893804180506
11.834809748186   15.000000000000   0.000000000000   3.046279835657   100.000000000000   1.050900718633   -1.601629573594   0.672985694150   13.885751687184
11.837056700012   15.000000000000   0.000000000000   3.046279835657   100.000000000000   1.051237449277   -1.583280118834   0.662100253472   13.878364504743
11.839916341610   15.000000000000   0.000000000000   3.046279835657   100.000000000000   1.051602444981   -1.565388735556   0.651449881003   13.871646460110
11.843391145116   15.000000000000   0.000000000000   3.046279835657   100.000000000000   1.051995398780   -1.547364534591   0.641031581659   13.865599206293
11.847482748139   15.000000000000   0.000000000000   3.046279835657   100.000000000000   1.052415928060   -1.529117792166   0.630841871750   13.860222108637
11.852192159799   15.000000000000   0.000000000000   3.046279835657   100.000000000000   1.052863588855   -1.511325775016   0.620876653255   13.855512337001
11.857519935201   15.000000000000   0.000000000000   3.046279835657   100.000000000000   1.053337887924   -1.493391646225   0.611131284504   13.851465247700
11.863466168361   15.000000000000   0.000000000000   3.046279835657   100.000000000000   1.053838281632   -1.475246934918   0.601600927664   13.848074974521
11.870030261300   15.000000000000   0.000000000000   3.046279835657   100.000000000000   1.054364160335   -1.457604032525   0.592281014647   13.845334967237
11.877210657200   15.000000000000   0.000000000000   3.046279835657   100.000000000000   1.054914832082   -1.439757254030   0.583167493826   13.843238204582
11.885004815819   15.000000000000   0.000000000000   3.046279835657   100.000000000000   1.055489521009   -1.421752774208   0.574256667229   13.841777018284
11.893409455838   15.000000000000   0.000000000000   3.046279835657   100.000000000000   1.056087375609   -1.404199563651   0.565544834754   13.840942691194
11.902420815248   15.000000000000   0.000000000000   3.046279835657   100.000000000000   1.056707469055   -1.386453687317   0.557028093532   13.840725011734
11.912034929215   15.000000000000   0.000000000000   3.046279835657   100.000000000000   1.057348799300   -1.368651963235   0.548702221072   13.841111914754
11.922248329049   15.000000000000   0.000000000000   3.046279835657   100.000000000000   1.058010323574   -1.351200618077   0.540562295098   13.842089462411
11.933059091077   15.000000000000   0.000000000000   3.046279835657   100.000000000000   1.058730196478   -1.333576165138   0.532602243751   13.843642452789
11.944467119357   15.000000000000   0.000000000000   3.046279835657   100.000000000000   1.059479551841   -1.315936439240   0.524815118325   13.845755493670
11.956472692891   15.000000000000   0.000000000000   3.046279835657   100.000000000000   1.060248629203   -1.298576491042   0.517194362809   13.848413853393
11.969074163426   15.000000000000   0.000000000000   3.046279835657   100.000000000000   1.061036305734   -1.281052045636   0.509735104492   13.851603585543
11.982267143257   15.000000000000   0.000000000000   3.046279835657   100.000000000000   1.061841268681   -1.263574514714   0.502434151124   13.855311185687
11.996045966544   15.000000000000   0.000000000000   3.046279835657   100.000000000000   1.062662102712   -1.246308285751   0.495288807282   13.859523233826
12.010405255838   15.000000000000   0.000000000000   3.046279835657   100.000000000000   1.063497354792   -1.228908458311   0.488296024762   13.864225826158
12.025340406107   15.000000000000   0.000000000000   3.046279835657   100.000000000000   1.064345525962   -1.211578977251   0.481452314931   13.869403779419
12.040849193004   15.000000000000   0.000000000000   3.046279835657   100.000000000000   1.065205141999   -1.194449653354   0.474753218368   13.875040790036
12.056934752866   15.000000000000   0.000000000000   3.046279835657   100.000000000000   1.066074915373   -1.177206511328   0.468192406296   13.881121111306
12.073605353089   15.000000000000   0.000000000000   3.046279835657   100.000000000000   1.066953738445   -1.160043219632   0.461762296359   13.887630969470
12.090868428863   15.000000000000   0.000000000000   3.046279835657   100.000000000000   1.067840390801   -1.143029603473   0.455456566159   13.894557879309
12.108724103762   15.000000000000   0.000000000000   3.046279835657   100.000000000000   1.068733254712   -1.125903556577   0.449272112433   13.901888900853
12.127165796359   15.000000000000   0.000000000000   3.046279835657   100.000000000000   1.069630395849   -1.108828379692   0.443208135471   13.909610507410
12.146186302599   15.000000000000   0.000000000000   3.046279835657   100.000000000000   1.070529861928   -1.091940832724   0.437263762324   13.917709742779
12.165780530054   15.000000000000   0.000000000000   3.046279835657   100.000000000000   1.071429760699   -1.074979818536   0.431437278777   13.926173633985
12.185945846638   15.000000000000   0.000000000000   3.046279835657   100.000000000000   1.072328222893   -1.058072377886   0.425726229624   13.934988004292
12.206687285288   15.000000000000   0.000000000000   3.046279835657   100.000000000000   1.073223608365   -1.041372820976   0.420126211028   13.944139563507
12.228021846441   15.000000000000   0.000000000000   3.046279835657   100.000000000000   1.074114671454   -1.024607470922   0.414630222626   13.953619047215
12.249970797111   15.000000000000   0.000000000000   3.046279835657   100.000000000000   1.075000230651   -1.007804927581   0.409231121335   13.963419892644
12.272544248901   15.000000000000   0.000000000000   3.046279835657   100.000000000000   1.075878603043   -0.991239723751   0.403925267562   13.973533197258
12.295735711962   15.000000000000   0.000000000000   3.046279835657   100.000000000000   1.076747515663   -0.974612859763   0.398713046676   13.983945855973
12.319533271423   15.000000000000   0.000000000000   3.046279835657   100.000000000000   1.077604610055   -0.957950097560   0.393595701864   13.994644498214
12.343929370003   15.000000000000   0.000000000000   3.046279835657   100.000000000000   1.078447759083   -0.941531681171   0.388573179241   14.005617661016
12.368919691747   15.000000000000   0.000000000000   3.046279835657   100.000000000000   1.079274935470   -0.925126790234   0.383644593787   14.016853083035
12.394507751730   15.000000000000   0.000000000000   3.046279835657   100.000000000000   1.080084302231   -0.908716757730   0.378807529036   14.028338728253
12.420715986504   15.000000000000   0.000000000000   3.046279835657   100.000000000000   1.080874504966   -0.892435464500   0.374056350703   14.040068392505
12.447581005806   15.000000000000   0.000000000000   3.046279835657   100.000000000000   1.081644456156   -0.876251219094   0.369383652046   14.052041547101
12.475129314148   15.000000000000   0.000000000000   3.046279835657   100.000000000000   1.082489963413   -0.860031587804   0.364784621717   14.064254955701
12.503359015876   15.000000000000   0.000000000000   3.046279835657   100.000000000000   1.083329310135   -0.843819869316   0.360259486693   14.076696328130
12.532251108836   15.000000000000   0.000000000000   3.046279835657   100.000000000000   1.084144878728   -0.827806610687   0.355810879414   14.089349281014
12.561791687433   15.000000000000   0.000000000000   3.046279835657   100.000000000000   1.084934476887   -0.811800673509   0.351440152022   14.102201017058
12.591973235425   15.000000000000   0.000000000000   3.046279835657   100.000000000000   1.085696197767   -0.795820336290   0.347147413902   14.115240007488
12.622792960433   15.000000000000   0.000000000000   3.046279835657   100.000000000000   1.086428265713   -0.779980048606   0.342931963835   14.128453272870
12.654269388909   15.000000000000   0.000000000000   3.046279835657   100.000000000000   1.087129345494   -0.764267847127   0.338790266583   14.141833205608
12.686449454172   15.000000000000   0.000000000000   3.046279835657   100.000000000000   1.087798562543   -0.748570432551   0.334715568935   14.155381812446
12.719383378377   15.000000000000   0.000000000000   3.046279835657   100.000000000000   1.088434897014   -0.732874749831   0.330701511815   14.169102430098
12.753088471603   15.000000000000   0.000000000000   3.046279835657   100.000000000000   1.089036638145   -0.717323782042   0.326746293786   14.182987331312
12.787543858997   15.000000000000   0.000000000000   3.046279835657   100.000000000000   1.089601632057   -0.701813426597   0.322852493878   14.197017309879
12.822723130251   15.000000000000   0.000000000000   3.046279835657   100.000000000000   1.090128038187   -0.686337017347   0.319022809909   14.211174360051
12.858613126455   15.000000000000   0.000000000000   3.046279835657   100.000000000000   1.090614531632   -0.670911130060   0.315258081405   14.225446398252
12.895203581600   15.000000000000   0.000000000000   3.046279835657   100.000000000000   1.091059981195   -0.655677250585   0.311558623338   14.239820123011
12.932494628923   15.000000000000   0.000000000000   3.046279835657   100.000000000000   1.091463432359   -0.640522925613   0.307923573909   14.254282445311
12.970521790491   15.000000000000   0.000000000000   3.046279835657   100.000000000000   1.091824238550   -0.625425859711   0.304348756003   14.268830184331
13.009352105020   15.000000000000   0.000000000000   3.046279835657   100.000000000000   1.092141826420   -0.610367695637   0.300827577400   14.283469706137
13.049043880329   15.000000000000   0.000000000000   3.046279835657   100.000000000000   1.092415324427   -0.595434557546   0.297354937888   14.298204035797
13.089606297875   15.000000000000   0.000000000000   3.046279835657   100.000000000000   1.092777908458   -0.580542130509   0.293930391699   14.313020922382
13.131005756464   15.000000000000   0.000000000000   3.046279835657   100.000000000000   1.093107339883   -0.565689383009   0.290556896099   14.327897333306
13.173210962962   15.000000000000   0.000000000000   3.046279835657   100.000000000000   1.093391454121   -0.550895433975   0.287236752928   14.342815067114
13.216207752774   15.000000000000   0.000000000000   3.046279835657   100.000000000000   1.093629964765   -0.536216910700   0.283970592269   14.357762936391
13.259981015803   15.000000000000   0.000000000000   3.046279835657   100.000000000000   1.093822768534   -0.521675832114   0.280758937857   14.372727462171
13.304524594511   15.000000000000   0.000000000000   3.046279835657   100.000000000000   1.093969887056   -0.507219569617   0.277601513075   14.387694813448
13.349872411580   15.000000000000   0.000000000000   3.046279835657   100.000000000000   1.094071429143   -0.492843142350   0.274495241220   14.402660931402
13.396098477182   15.000000000000   0.000000000000   3.046279835657   100.000000000000   1.094127384527   -0.478528458452   0.271434679917   14.417631891887
13.443278180293   15.000000000000   0.000000000000   3.046279835657   100.000000000000   1.094137502724   -0.464328307440   0.268414861800   14.432612955782
13.491440267726   15.000000000000   0.000000000000   3.046279835657   100.000000000000   1.094101488953   -0.450176104071   0.265434195687   14.447596317601
13.540555645562   15.000000000000   0.000000000000   3.046279835657   100.000000000000   1.094019398725   -0.436072216067   0.262494632445   14.462560760047
13.590581148001   15.000000000000   0.000000000000   3.046279835657   100.000000000000   1.093891821258   -0.422034439647   0.259598619577   14.477485998964
13.641495926878   15.000000000000   0.000000000000   3.046279835657   100.000000000000   1.093719723616   -0.408073893930   0.256747004277   14.492361493461
13.693285867602   15.000000000000   0.000000000000   3.046279835657   100.000000000000   1.093598420878   -0.394256383866   0.253940103876   14.507178712032
13.745928595178   15.000000000000   0.000000000000   3.046279835657   100.000000000000   1.093499086519   -0.380543911052   0.251178552513   14.521924826542
13.799419167949   15.000000000000   0.000000000000   3.046279835657   100.000000000000   1.093359163088   -0.366928858238   0.248461945353   14.536589134450
13.853797146580   15.000000000000   0.000000000000   3.046279835657   100.000000000000   1.093179576963   -0.353404569149   0.245787657525   14.551170020895
13.909138559580   15.000000000000   0.000000000000   3.046279835657   100.000000000000   1.092960942722   -0.339955088223   0.243151545703   14.565672755318
13.965520786324   15.000000000000   0.000000000000   3.046279835657   100.000000000000   1.092703682473   -0.326595021840   0.240549792374   14.580101440689
14.022979991758   15.000000000000   0.000000000000   3.046279835657   100.000000000000   1.092408383498   -0.313312204266   0.237980772182   14.594450683495
14.081494135844   15.000000000000   0.000000000000   3.046279835657   100.000000000000   1.092076154596   -0.300087450628   0.235445484982   14.608704388582
14.141016529225   15.000000000000   0.000000000000   3.046279835657   100.000000000000   1.091708624614   -0.286934530902   0.232945788360   14.622845584645
14.201519538156   15.000000000000   0.000000000000   3.046279835657   100.000000000000   1.091307652188   -0.273862665908   0.230482510158   14.636865838387
14.262993182825   15.000000000000   0.000000000000   3.046279835657   100.000000000000   1.090875179126   -0.260877110061   0.228055645779   14.650762352621
14.325418332305   15.000000000000   0.000000000000   3.046279835657   100.000000000000   1.090413286644   -0.248018100046   0.225665487545   14.664529810901
14.388767200635   15.000000000000   0.000000000000   3.046279835657   100.000000000000   1.089974373001   -0.235271267378   0.223312556081   14.678159601111
14.453031387105   15.000000000000   0.000000000000   3.046279835657   100.000000000000   1.089618400395   -0.222626746582   0.220996553438   14.691645431271
14.518239412206   15.000000000000   0.000000000000   3.046279835657   100.000000000000   1.089237830454   -0.210080400672   0.218715853768   14.704986492218
14.584449911214   15.000000000000   0.000000000000   3.046279835657   100.000000000000   1.088833852597   -0.197622044257   0.216467908057   14.718185767816
14.651731632752   15.000000000000   0.000000000000   3.046279835657   100.000000000000   1.088407458188   -0.185239682173   0.214250031815   14.731246531298
14.720136077012   15.000000000000   0.000000000000   3.046279835657   100.000000000000   1.087959688100   -0.172946032632   0.212060311535   14.744168484630
14.789672588031   15.000000000000   0.000000000000   3.046279835657   100.000000000000   1.087491919156   -0.160734428161   0.209898288376   14.756945164797
14.860310095334   15.000000000000   0.000000000000   3.046279835657   100.000000000000   1.087005962303   -0.148594567823   0.207764721840   14.769566182541
14.932009324076   15.000000000000   0.000000000000   3.046279835657   100.000000000000   1.086503875233   -0.136534503036   0.205660491827   14.782023623654
15.004750852174   15.000000000000   0.000000000000   3.046279835657   100.000000000000   1.085987717431   -0.124558770477   0.203585787031   14.794315957072
20.000000000000   15.000000000000   0.000000000000   3.046279835657   100.000000000000   1.080000000000   -0.124558770477   0.120000000000   15.000000000000
