0.150000000000   15.000000000000   0.500000000000   3.046279835657   100.000000000000   0.304467359659   -0.406938184784   0.446293347752   1.488101804981
0.400000000000   15.000000000000   0.500000000000   3.046279835657   100.000000000000   0.340431978937   -0.328163110390   0.448847258529   1.379594774721
0.450000000000   15.000000000000   0.500000000000   3.046279835657   100.000000000000   0.348978885086   -0.319674867751   0.450895582076   1.376495718244
0.500000000000   15.000000000000   0.500000000000   3.046279835657   100.000000000000   0.357023943348   -0.312212827426   0.453065568503   1.374690533348
0.550000000000   15.000000000000   0.500000000000   3.046279835657   100.000000000000   0.364848686161   -0.305709952762   0.455333208906   1.374066763144
0.600000000000   15.000000000000   0.500000000000   3.046279835657   100.000000000000   0.372264893429   -0.299957734984   0.457682283815   1.374543301116
0.650000000000   15.000000000000   0.500000000000   3.046279835657   100.000000000000   0.379327028378   -0.294784159816   0.460102072869   1.376060222413
0.700000000000   15.000000000000   0.500000000000   3.046279835657   100.000000000000   0.386078875208   -0.290073041936   0.462585714130   1.378572128652
0.750000000000   15.000000000000   0.500000000000   3.046279835657   100.000000000000   0.392556196948   -0.285766900457   0.465129018779   1.382043646337
0.800000000000   15.000000000000   0.500000000000   3.046279835657   100.000000000000   0.398788606521   -0.281824069534   0.467729615496   1.386446314747
0.850000000000   15.000000000000   0.500000000000   3.046279835657   100.000000000000   0.404800918471   -0.278209843881   0.470386337495   1.391756411150
0.900000000000   15.000000000000   0.500000000000   3.046279835657   100.000000000000   0.410614147282   -0.274895602887   0.473098788925   1.397953431317
0.950000000000   15.000000000000   0.500000000000   3.046279835657   100.000000000000   0.416341832049   -0.271883557345   0.475867043109   1.405019039446
1.000000000000   15.000000000000   0.500000000000   3.046279835657   100.000000000000   0.421920188624   -0.269152905275   0.478691436390   1.412936358175
1.050000000000   15.000000000000   0.500000000000   3.046279835657   100.000000000000   0.427338111670   -0.266670007457   0.481572429964   1.421689504495
1.100000000000   15.000000000000   0.500000000000   3.046279835657   100.000000000000   0.432608223758   -0.264420128957   0.484510518830   1.431263300760
1.150000000000   15.000000000000   0.500000000000   3.046279835657   100.000000000000   0.437741631518   -0.262390890007   0.487506172338   1.441643106821
1.200000000000   15.000000000000   0.500000000000   3.046279835657   100.000000000000   0.442748167170   -0.260571750329   0.490559795072   1.452814732135
1.250000000000   15.000000000000   0.500000000000   3.046279835657   100.000000000000   0.447636583880   -0.258995386730   0.493671700087   1.464764397018
1.300000000000   15.000000000000   0.500000000000   3.046279835657   100.000000000000   0.452414715072   -0.257610865395   0.496842089010   1.477478719905
1.350000000000   15.000000000000   0.500000000000   3.046279835657   100.000000000000   0.457089605279   -0.256409114963   0.500071035472   1.490944714576
1.400000000000   15.000000000000   0.500000000000   3.046279835657   100.000000000000   0.461667618351   -0.255382262454   0.503358469662   1.505149785737
1.450000000000   15.000000000000   0.500000000000   3.046279835657   100.000000000000   0.466154527471   -0.254522873259   0.506704162833   1.520081715669
1.500000000000   15.000000000000   0.500000000000   3.046279835657   100.000000000000   0.470555590483   -0.253823785107   0.510107711307   1.535728637832
1.550000000000   15.000000000000   0.500000000000   3.046279835657   100.000000000000   0.474875613240   -0.253277977676   0.513568520037   1.552078995927
1.600000000000   15.000000000000   0.500000000000   3.046279835657   100.000000000000   0.479119003169   -0.252878472526   0.517085786059   1.569121488271
1.650000000000   15.000000000000   0.500000000000   3.046279835657   100.000000000000   0.483289814772   -0.252618259007   0.520658482526   1.586845000782
1.700000000000   15.000000000000   0.500000000000   3.046279835657   100.000000000000   0.487391788481   -0.252490242058   0.524285343916   1.605238530363
1.750000000000   15.000000000000   0.500000000000   3.046279835657   100.000000000000   0.491428383984   -0.252487208951   0.527964853223   1.624291103485
1.800000000000   15.000000000000   0.500000000000   3.046279835657   100.000000000000   0.495410533951   -0.252601812336   0.531695231788   1.643991693601
1.850000000000   15.000000000000   0.500000000000   3.046279835657   100.000000000000   0.499358934471   -0.252826567521   0.535474432405   1.664329141505
1.900000000000   15.000000000000   0.500000000000   3.046279835657   100.000000000000   0.503248308067   -0.253153862138   0.539300136187   1.685292082121
1.950000000000   15.000000000000   0.500000000000   3.046279835657   100.000000000000   0.507081333117   -0.253575976477   0.543169753523   1.706868880477
2.000000000000   15.000000000000   0.500000000000   3.046279835657   100.000000000000   0.510860506728   -0.254085112822   0.547080429330   1.729047578918
2.050000000000   15.000000000000   0.500000000000   3.046279835657   100.000000000000   0.514588160592   -0.254673432078   0.551029052623   1.751815856418
2.100000000000   15.000000000000   0.500000000000   3.046279835657   100.000000000000   0.518266475035   -0.255333096058   0.555012270301   1.775161000408
2.150000000000   15.000000000000   0.500000000000   3.046279835657   100.000000000000   0.521897491497   -0.256112370724   0.559026505086   1.799069890059
2.200000000000   15.000000000000   0.500000000000   3.046279835657   100.000000000000   0.525483123599   -0.256958208691   0.563067976047   1.823528989785
2.250000000000   15.000000000000   0.500000000000   3.046279835657   100.000000000000   0.529025167145   -0.257858007677   0.567132724409   1.848524353436
2.300000000000   15.000000000000   0.500000000000   3.046279835657   100.000000000000   0.532525308968   -0.258804052953   0.571216640068   1.874041635396
2.350000000000   15.000000000000   0.500000000000   3.046279835657   100.000000000000   0.535985134940   -0.259788842494   0.575315491375   1.900066110547
2.400000000000   15.000000000000   0.500000000000   3.046279835657   100.000000000000   0.539406137164   -0.260805136775   0.579424956497   1.926582702375
2.450000000000   15.000000000000   0.500000000000   3.046279835657   100.000000000000   0.542789720472   -0.261846005222   0.583540655971   1.953576019247
2.500000000000   15.000000000000   0.500000000000   3.046279835657   100.000000000000   0.546137208271   -0.262964728237   0.587658185905   1.981030399359
2.550000000000   15.000000000000   0.500000000000   3.046279835657   100.000000000000   0.549449847818   -0.264131607044   0.591773151200   2.008929964030
2.600000000000   15.000000000000   0.500000000000   3.046279835657   100.000000000000   0.552728814953   -0.265308070389   0.595881198276   2.037258678158
2.650000000000   15.000000000000   0.500000000000   3.046279835657   100.000000000000   0.555975218317   -0.266488340238   0.599978046641   2.066000414039
2.700000000000   15.000000000000   0.500000000000   3.046279835657   100.000000000000   0.559190103103   -0.267667106368   0.604059518955   2.095139017527
2.750000000000   15.000000000000   0.500000000000   3.046279835657   100.000000000000   0.562374454337   -0.268839544341   0.608121568840   2.124658369638
2.800000000000   15.000000000000   0.500000000000   3.046279835657   100.000000000000   0.565529199851   -0.270036225634   0.612160308499   2.154542442412
2.850000000000   15.000000000000   0.500000000000   3.046279835657   100.000000000000   0.568655212701   -0.271293543647   0.616172030667   2.184775343598
2.900000000000   15.000000000000   0.500000000000   3.046279835657   100.000000000000   0.571753313478   -0.272534909000   0.620153232460   2.215341350394
2.950000000000   15.000000000000   0.500000000000   3.046279835657   100.000000000000   0.574824272234   -0.273757112634   0.624100635361   2.246224931224
3.000000000000   15.000000000000   0.500000000000   3.046279835657   100.000000000000   0.577868810274   -0.274957468843   0.628011205191   2.277410760297
3.050000000000   15.000000000000   0.500000000000   3.046279835657   100.000000000000   0.580887601731   -0.276133813749   0.631882170229   2.308883724145
3.100000000000   15.000000000000   0.500000000000   3.046279835657   100.000000000000   0.583881275020   -0.277335251574   0.635711038853   2.340628930439
3.150000000000   15.000000000000   0.500000000000   3.046279835657   100.000000000000   0.586850414163   -0.278574878945   0.639495616364   2.372631723077
3.200000000000   15.000000000000   0.500000000000   3.046279835657   100.000000000000   0.589795559884   -0.279787497998   0.643234019471   2.404877703969
3.250000000000   15.000000000000   0.500000000000   3.046279835657   100.000000000000   0.592717210884   -0.280972690265   0.646924696120   2.437352778531
3.300000000000   15.000000000000   0.500000000000   3.046279835657   100.000000000000   0.595615824243   -0.282130555302   0.650566431334   2.470043209617
3.350000000000   15.000000000000   0.500000000000   3.046279835657   100.000000000000   0.598506781901   -0.283261698735   0.654158362880   2.502935695471
3.400000000000   15.000000000000   0.500000000000   3.046279835657   100.000000000000   0.601397878500   -0.284379147890   0.657699988643   2.536017466554
3.450000000000   15.000000000000   0.500000000000   3.046279835657   100.000000000000   0.604269724132   -0.285574553170   0.661191166399   2.569276387707
3.500000000000   15.000000000000   0.500000000000   3.046279835657   100.000000000000   0.607122672986   -0.286747486602   0.664632139592   2.602701087835
3.550000000000   15.000000000000   0.500000000000   3.046279835657   100.000000000000   0.609957038020   -0.287900142736   0.668023497874   2.636281060187
3.600000000000   15.000000000000   0.500000000000   3.046279835657   100.000000000000   0.612773091248   -0.289035101082   0.671366205896   2.670006788539
3.650000000000   15.000000000000   0.500000000000   3.046279835657   100.000000000000   0.615571060374   -0.290155269816   0.674661574550   2.703869842377
3.700000000000   15.000000000000   0.500000000000   3.046279835657   100.000000000000   0.618351128800   -0.291263849988   0.677911294096   2.737862975388
3.750000000000   15.000000000000   0.500000000000   3.046279835657   100.000000000000   0.621113428092   -0.292404075744   0.681117343273   2.771980141794
3.800000000000   15.000000000000   0.500000000000   3.046279835657   100.000000000000   0.623858040857   -0.293608182585   0.684282079704   2.806216579454
3.850000000000   15.000000000000   0.500000000000   3.046279835657   100.000000000000   0.626584989732   -0.294810676935   0.687408097146   2.840568730620
3.900000000000   15.000000000000   0.500000000000   3.046279835657   100.000000000000   0.629294245118   -0.296015339709   0.690498404139   2.875034301267
3.950000000000   15.000000000000   0.500000000000   3.046279835657   100.000000000000   0.631985708970   -0.297225974916   0.693556198538   2.909612082838
4.000000000000   15.000000000000   0.500000000000   3.046279835657   100.000000000000   0.634659221406   -0.298446438608   0.696585030133   2.944301926007
4.050000000000   15.000000000000   0.500000000000   3.046279835657   100.000000000000   0.637314552498   -0.299680583187   0.699588714566   2.979104579963
4.100000000000   15.000000000000   0.500000000000   3.046279835657   100.000000000000   0.639951400744   -0.300932257146   0.702571360083   3.014021550073
4.150000000000   15.000000000000   0.500000000000   3.046279835657   100.000000000000   0.642569389776   -0.302262864814   0.705537366305   3.049054932377
4.200000000000   15.000000000000   0.500000000000   3.046279835657   100.000000000000   0.645168065776   -0.303662487369   0.708491436758   3.084207253943
4.250000000000   15.000000000000   0.500000000000   3.046279835657   100.000000000000   0.647746895112   -0.305090874444   0.711438595065   3.119481296382
4.300000000000   15.000000000000   0.500000000000   3.046279835657   100.000000000000   0.650305261734   -0.306552007666   0.714384201933   3.154879945303
4.350000000000   15.000000000000   0.500000000000   3.046279835657   100.000000000000   0.652842464889   -0.308049987959   0.717333979991   3.190406053607
4.400000000000   15.000000000000   0.500000000000   3.046279835657   100.000000000000   0.655394319500   -0.309589092672   0.720294041603   3.226062314995
4.450000000000   15.000000000000   0.500000000000   3.046279835657   100.000000000000   0.657995618923   -0.311173828972   0.723270917341   3.261851188607
4.500000000000   15.000000000000   0.500000000000   3.046279835657   100.000000000000   0.660577771473   -0.312809002967   0.726271590139   3.297774840948
4.550000000000   15.000000000000   0.500000000000   3.046279835657   100.000000000000   0.663139798193   -0.314499789393   0.729303530549   3.333835124402
4.600000000000   15.000000000000   0.500000000000   3.046279835657   100.000000000000   0.665680616001   -0.316348175790   0.732374729990   3.370033609369
4.650000000000   15.000000000000   0.500000000000   3.046279835657   100.000000000000   0.668199032169   -0.318268389247   0.735493739413   3.406371635551
4.700000000000   15.000000000000   0.500000000000   3.046279835657   100.000000000000   0.670693737310   -0.320263654874   0.738669705257   3.442850408279
4.750000000000   15.000000000000   0.500000000000   3.046279835657   100.000000000000   0.673163296808   -0.322341490907   0.741912401614   3.479471137265
4.800000000000   15.000000000000   0.500000000000   3.046279835657   100.000000000000   0.675606141431   -0.324510123762   0.745232269073   3.516235189901
4.850000000000   15.000000000000   0.500000000000   3.046279835657   100.000000000000   0.678020555584   -0.326778523350   0.748640444602   3.553144281195
4.900000000000   15.000000000000   0.500000000000   3.046279835657   100.000000000000   0.680404663958   -0.329156431078   0.752148790751   3.590200687882
4.950000000000   15.000000000000   0.500000000000   3.046279835657   100.000000000000   0.682756416909   -0.331654391332   0.755769929470   3.627407465072
5.000000000000   15.000000000000   0.500000000000   3.046279835657   100.000000000000   0.685149894684   -0.334285882405   0.759517264005   3.664768681668
5.050000000000   15.000000000000   0.500000000000   3.046279835657   100.000000000000   0.687608949247   -0.337175071416   0.763405004317   3.702289659125
5.100000000000   15.000000000000   0.500000000000   3.046279835657   100.000000000000   0.690034796070   -0.340225024854   0.767448192894   3.739977198199
5.150000000000   15.000000000000   0.500000000000   3.046279835657   100.000000000000   0.692424532265   -0.343449897342   0.771662718871   3.777839800604
5.200000000000   15.000000000000   0.500000000000   3.046279835657   100.000000000000   0.694774951385   -0.346864548965   0.776065336806   3.815887877826
5.250000000000   15.000000000000   0.500000000000   3.046279835657   100.000000000000   0.697082514180   -0.350484482249   0.780673684050   3.854133930852
5.300000000000   15.000000000000   0.500000000000   3.046279835657   100.000000000000   0.699343317540   -0.354325736966   0.785506285407   3.892592703557
5.350000000000   15.000000000000   0.500000000000   3.046279835657   100.000000000000   0.701553064031   -0.358404789569   0.790582562002   3.931281309945
5.400000000000   15.000000000000   0.500000000000   3.046279835657   100.000000000000   0.703707032213   -0.362832589255   0.795922836002   3.970219317216
5.450000000000   15.000000000000   0.500000000000   3.046279835657   100.000000000000   0.705807609146   -0.367606063238   0.801548320680   4.009428785780
5.500000000000   15.000000000000   0.500000000000   3.046279835657   100.000000000000   0.708088602097   -0.372678014173   0.807481110291   4.048934271637
5.550000000000   15.000000000000   0.500000000000   3.046279835657   100.000000000000   0.710304323714   -0.378065883492   0.813744159812   4.088762776336
5.600000000000   15.000000000000   0.500000000000   3.046279835657   100.000000000000   0.712447736156   -0.383786741495   0.820361253238   4.128943640639
5.650000000000   15.000000000000   0.500000000000   3.046279835657   100.000000000000   0.714511173922   -0.389857093204   0.827356952039   4.169508393601
5.700000000000   15.000000000000   0.500000000000   3.046279835657   100.000000000000   0.716486339601   -0.396504164780   0.834756536164   4.210490546576
5.750000000000   15.000000000000   0.500000000000   3.046279835657   100.000000000000   0.718364315012   -0.403560850497   0.842585915912   4.251925321774
5.800000000000   15.000000000000   0.500000000000   3.046279835657   100.000000000000   0.720135592999   -0.411025391915   0.850871523874   4.293849341106
5.850000000000   15.000000000000   0.500000000000   3.046279835657   100.000000000000   0.722005988472   -0.418910077022   0.859640180838   4.336300262193
5.900000000000   15.000000000000   0.500000000000   3.046279835657   100.000000000000   0.723868946666   -0.427416963227   0.868918921224   4.379316350137
5.950000000000   15.000000000000   0.500000000000   3.046279835657   100.000000000000   0.725597599819   -0.436479589140   0.878734787352   4.422936022878
6.000000000000   15.000000000000   0.500000000000   3.046279835657   100.000000000000   0.727179233929   -0.446004350735   0.889114584148   4.467197359610
6.050000000000   15.000000000000   0.500000000000   3.046279835657   100.000000000000   0.728600890180   -0.456035279767   0.900084581172   4.512137561122
6.100000000000   15.000000000000   0.500000000000   3.046279835657   100.000000000000   0.729849600188   -0.466858865523   0.911670172432   4.557792410982
6.150000000000   15.000000000000   0.500000000000   3.046279835657   100.000000000000   0.730912673798   -0.478165276821   0.923895489049   4.604195728635
6.200000000000   15.000000000000   0.500000000000   3.046279835657   100.000000000000   0.732091464398   -0.490008056027   0.936782958241   4.651378812708
6.250000000000   15.000000000000   0.500000000000   3.046279835657   100.000000000000   0.733126911847   -0.502688781894   0.950352824406   4.699369924671
6.300000000000   15.000000000000   0.500000000000   3.046279835657   100.000000000000   0.733934171272   -0.515843903905   0.964622637949   4.748193813907
6.350000000000   15.000000000000   0.500000000000   3.046279835657   100.000000000000   0.734501758986   -0.529683286437   0.979606718441   4.797871284312
6.400000000000   15.000000000000   0.500000000000   3.046279835657   100.000000000000   0.734820359473   -0.544225462958   0.995315621130   4.848418857878
6.450000000000   15.000000000000   0.500000000000   3.046279835657   100.000000000000   0.734883386893   -0.559246744468   1.011755627473   4.899848533400
6.500000000000   15.000000000000   0.500000000000   3.046279835657   100.000000000000   0.734857044790   -0.575160287199   1.028928284618   4.952167641718
6.550000000000   15.000000000000   0.500000000000   3.046279835657   100.000000000000   0.734752373487   -0.591464879363   1.046830035118   5.005378848182
6.600000000000   15.000000000000   0.500000000000   3.046279835657   100.000000000000   0.734362509116   -0.608615791864   1.065451964334   5.059480285653
6.650000000000   15.000000000000   0.500000000000   3.046279835657   100.000000000000   0.733692127010   -0.626186724900   1.084779694411   5.114465814638
6.700000000000   15.000000000000   0.500000000000   3.046279835657   100.000000000000   0.732751090752   -0.644528870308   1.104793458167   5.170325434463
6.750000000000   15.000000000000   0.500000000000   3.046279835657   100.000000000000   0.731554743462   -0.663275413389   1.125468363045   5.227045804125
6.800000000000   15.000000000000   0.500000000000   3.046279835657   100.000000000000   0.730124045099   -0.682747716961   1.146774844004   5.284610856421
6.850000000000   15.000000000000   0.500000000000   3.046279835657   100.000000000000   0.728485532669   -0.702557204655   1.168679299657   5.343002495000
6.900000000000   15.000000000000   0.500000000000   3.046279835657   100.000000000000   0.726671085854   -0.723106720671   1.191144881523   5.402201312867
6.950000000000   15.000000000000   0.500000000000   3.046279835657   100.000000000000   0.724717487335   -0.743863257404   1.214132386313   5.462187299488
7.000000000000   15.000000000000   0.500000000000   3.046279835657   100.000000000000   0.722665773749   -0.765386350339   1.237601211924   5.522940515351
7.050000000000   15.000000000000   0.500000000000   3.046279835657   100.000000000000   0.720560381320   -0.787100226554   1.261510308045   5.584441672628
7.100000000000   15.000000000000   0.500000000000   3.046279835657   100.000000000000   0.718448098186   -0.809387391900   1.285819059549   5.646672599206
7.150000000000   15.000000000000   0.500000000000   3.046279835657   100.000000000000   0.716376843955   -0.831960144164   1.310488061003   5.709616577199
7.200000000000   15.000000000000   0.500000000000   3.046279835657   100.000000000000   0.714394307552   -0.854896113589   1.335479731897   5.773258526938
7.250000000000   15.000000000000   0.500000000000   3.046279835657   100.000000000000   0.716275384995   -0.878257953390   1.360758737578   5.837585049013
7.300000000000   15.000000000000   0.500000000000   3.046279835657   100.000000000000   0.720102355565   -0.901745228535   1.386292216674   5.902584336465
7.350000000000   15.000000000000   0.500000000000   3.046279835657   100.000000000000   0.723928946499   -0.925814823508   1.412049822127   5.968245976118
7.400000000000   15.000000000000   0.500000000000   3.046279835657   100.000000000000   0.727751425433   -0.949940488734   1.438003587135   6.034560676668
7.450000000000   15.000000000000   0.500000000000   3.046279835657   100.000000000000   0.731566030708   -0.974497740970   1.464127668351   6.101519954972
7.500000000000   15.000000000000   0.500000000000   3.046279835657   100.000000000000   0.735369006860   -0.999240800232   1.490398002444   6.169115810760
7.550000000000   15.000000000000   0.500000000000   3.046279835657   100.000000000000   0.739156641636   -1.024179389132   1.516791922783   6.237340433521
7.600000000000   15.000000000000   0.500000000000   3.046279835657   100.000000000000   0.742925303847   -1.049493118200   1.543287791709   6.306185958124
7.650000000000   15.000000000000   0.500000000000   3.046279835657   100.000000000000   0.746671481050   -1.074772286850   1.569864668085   6.375644279353
7.700000000000   15.000000000000   0.500000000000   3.046279835657   100.000000000000   0.750391816113   -1.100592086404   1.596502067711   6.445706954540
7.750000000000   15.000000000000   0.500000000000   3.046279835657   100.000000000000   0.754083142317   -1.126353055226   1.623179793373   6.516365167312
7.800000000000   15.000000000000   0.500000000000   3.046279835657   100.000000000000   0.757742515714   -1.152453103799   1.649877872842   6.587609759603
7.850000000000   15.000000000000   0.500000000000   3.046279835657   100.000000000000   0.761367244237   -1.178634837492   1.676576585345   6.659431318935
7.900000000000   15.000000000000   0.500000000000   3.046279835657   100.000000000000   0.764954913148   -1.204985327864   1.703256552151   6.731820294565
7.950000000000   15.000000000000   0.500000000000   3.046279835657   100.000000000000   0.768556860596   -1.231532797358   1.729898891303   6.804767134525
8.000000000000   15.000000000000   0.500000000000   3.046279835657   100.000000000000   0.772226064680   -1.258112462534   1.756485405209   6.878262425637
8.050000000000   15.000000000000   0.500000000000   3.046279835657   100.000000000000   0.775860107618   -1.284959522743   1.782998775082   6.952297016362
8.100000000000   15.000000000000   0.500000000000   3.046279835657   100.000000000000   0.779457033426   -1.311750101142   1.809422743727   7.026862114951
8.150000000000   15.000000000000   0.500000000000   3.046279835657   100.000000000000   0.783015205160   -1.338835548760   1.835742263631   7.101949354496
8.200000000000   15.000000000000   0.500000000000   3.046279835657   100.000000000000   0.786533309912   -1.365824882811   1.861943590658   7.177550816314
8.250000000000   15.000000000000   0.500000000000   3.046279835657   100.000000000000   0.790010358580   -1.393078524385   1.888014305116   7.253659016869
8.300000000000   15.000000000000   0.500000000000   3.046279835657   100.000000000000   0.793445680944   -1.420254612300   1.913943241661   7.330266858248
8.350000000000   15.000000000000   0.500000000000   3.046279835657   100.000000000000   0.796838916629   -1.447609738041   1.939720318046   7.407367544535
8.400000000000   15.000000000000   0.500000000000   3.046279835657   100.000000000000   0.800190002537   -1.474962660089   1.965336258870   7.484954477897
8.450000000000   15.000000000000   0.500000000000   3.046279835657   100.000000000000   0.803499157736   -1.502345503496   1.990782209156   7.563021138438
8.500000000000   15.000000000000   0.500000000000   3.046279835657   100.000000000000   0.806766866478   -1.529860520614   2.016049247047   7.641560954960
8.550000000000   15.000000000000   0.500000000000   3.046279835657   100.000000000000   0.809993859909   -1.557195287624   2.041127812574   7.720567178015
8.600000000000   15.000000000000   0.500000000000   3.046279835657   100.000000000000   0.813181097015   -1.584853153719   2.066007075874   7.800032762803
8.650000000000   15.000000000000   0.500000000000   3.046279835657   100.000000000000   0.816329745057   -1.612238477291   2.090674279442   7.879950269262
8.700000000000   15.000000000000   0.500000000000   3.046279835657   100.000000000000   0.819441159920   -1.639823297619   2.115114068503   7.960311778155
8.750000000000   15.000000000000   0.500000000000   3.046279835657   100.000000000000   0.822516866089   -1.667304767117   2.139307884402   8.041108841293
8.800000000000   15.000000000000   0.500000000000   3.046279835657   100.000000000000   0.825631184115   -1.694624966492   2.163233409436   8.122332445124
8.850000000000   15.000000000000   0.500000000000   3.046279835657   100.000000000000   0.828824775271   -1.722147042685   2.186864120352   8.203972998532
8.900000000000   15.000000000000   0.500000000000   3.046279835657   100.000000000000   0.831986489419   -1.749342545270   2.210168975036   8.286020342197
8.950000000000   15.000000000000   0.500000000000   3.046279835657   100.000000000000   0.835117973441   -1.776558252104   2.233112208264   8.368463748647
9.000000000000   15.000000000000   0.500000000000   3.046279835657   100.000000000000   0.838220989448   -1.803674933746   2.255653299708   8.451291943627
9.050000000000   15.000000000000   0.500000000000   3.046279835657   100.000000000000   0.841297393295   -1.830401349884   2.277747025850   8.534493097810
9.100000000000   15.000000000000   0.500000000000   3.046279835657   100.000000000000   0.844349113297   -1.857205545798   2.299343638620   8.618054811133
9.150000000000   15.000000000000   0.500000000000   3.046279835657   100.000000000000   0.847378129881   -1.883683180522   2.320389107459   8.701964072597
9.200000000000   15.000000000000   0.500000000000   3.046279835657   100.000000000000   0.850386456931   -1.909682785892   2.340825376778   8.786207173361
9.250000000000   15.000000000000   0.500000000000   3.046279835657   100.000000000000   0.853376124338   -1.935679202395   2.360590682553   8.870769628748
9.300000000000   15.000000000000   0.500000000000   3.046279835657   100.000000000000   0.856349163082   -1.961207311468   2.379619803046   8.955636056217
9.350000000000   15.000000000000   0.500000000000   3.046279835657   100.000000000000   0.859307592795   -1.986147102882   2.397844256481   9.040790032904
9.400000000000   15.000000000000   0.500000000000   3.046279835657   100.000000000000   0.862253411850   -2.010847566311   2.415192451108   9.126213935357
9.450000000000   15.000000000000   0.500000000000   3.046279835657   100.000000000000   0.865188591021   -2.035044932723   2.431589614684   9.211888759953
9.500000000000   15.000000000000   0.500000000000   3.046279835657   100.000000000000   0.868115068988   -2.058521295619   2.446957759185   9.297793955429
9.550000000000   15.000000000000   0.500000000000   3.046279835657   100.000000000000   0.871034751738   -2.081346492878   2.461215407214   9.383907226976
9.600000000000   15.000000000000   0.500000000000   3.046279835657   100.000000000000   0.873949512680   -2.103755129080   2.474277391556   9.470204394294
9.650000000000   15.000000000000   0.500000000000   3.046279835657   100.000000000000   0.876861197948   -2.125284328594   2.486054295037   9.556659141296
9.700000000000   15.000000000000   0.500000000000   3.046279835657   100.000000000000   0.879808000456   -2.145879024413   2.496451911415   9.643242841718
9.750000000000   15.000000000000   0.500000000000   3.046279835657   100.000000000000   0.882856827745   -2.165620136603   2.505370738352   9.729924390154
9.800000000000   15.000000000000   0.500000000000   3.046279835657   100.000000000000   0.885905180251   -2.184623117463   2.512705480969   9.816669937787
9.850000000000   15.000000000000   0.500000000000   3.046279835657   100.000000000000   0.888954911299   -2.202488338510   2.518344220125   9.903442658587
9.900000000000   15.000000000000   0.500000000000   3.046279835657   100.000000000000   0.892007903162   -2.219144492129   2.522167774374   9.990202511045
9.950100000000   15.000000000000   0.500000000000   3.046279835657   100.000000000000   0.895072202073   -2.234545328204   2.524051019037   10.077079224782
9.950200000000   15.000000000000   0.500000000000   3.046279835657   100.000000000000   0.895078324960   -2.234574725505   2.524052739068   10.077252543549
9.973112489197   15.000000000000   0.500000000000   3.046279835657   100.000000000000   0.896482018589   -2.241189913885   2.524225586166   10.116952446786
9.996231755385   15.000000000000   0.500000000000   3.046279835657   100.000000000000   0.897900103400   -2.247715154692   2.523944115481   10.156983596008
10.019555017330   15.000000000000   0.500000000000   3.046279835657   100.000000000000   0.899332661892   -2.253980407434   2.523181577241   10.197335195943
10.043088080143   15.000000000000   0.500000000000   3.046279835657   100.000000000000   0.900780319179   -2.259969488201   2.521909641550   10.238010795111
10.066836588353   15.000000000000   0.500000000000   3.046279835657   100.000000000000   0.902243709170   -2.265665050481   2.520098141402   10.279013076915
10.090805909749   15.000000000000   0.500000000000   3.046279835657   100.000000000000   0.903723469267   -2.271048494592   2.517714972467   10.320343609507
10.115000989848   15.000000000000   0.500000000000   3.046279835657   100.000000000000   0.905220232584   -2.276099922013   2.514726077744   10.362002541924
10.139426183513   15.000000000000   0.500000000000   3.046279835657   100.000000000000   0.906734618829   -2.280798094012   2.511095449921   10.403988261361
10.164085064537   15.000000000000   0.500000000000   3.046279835657   100.000000000000   0.908267224073   -2.285120388588   2.506785127413   10.446297010031
10.188980187949   15.000000000000   0.500000000000   3.046279835657   100.000000000000   0.909818606746   -2.289042813805   2.501755308576   10.488922434257
10.214112815893   15.000000000000   0.500000000000   3.046279835657   100.000000000000   0.911389271544   -2.292540026690   2.495964492266   10.531855064329
10.239482587178   15.000000000000   0.500000000000   3.046279835657   100.000000000000   0.912979649181   -2.295585402826   2.489369719213   10.575081716058
10.265087130114   15.000000000000   0.500000000000   3.046279835657   100.000000000000   0.914590071448   -2.298151188733   2.481926976759   10.618584819062
10.290921637869   15.000000000000   0.500000000000   3.046279835657   100.000000000000   0.916220742945   -2.300208730384   2.473591741652   10.662341704859
10.316978416152   15.000000000000   0.500000000000   3.046279835657   100.000000000000   0.917871710569   -2.301728752337   2.464319632866   10.706323878608
10.343246421472   15.000000000000   0.500000000000   3.046279835657   100.000000000000   0.919542827943   -2.302749800808   2.454067449315   10.750496346077
10.369710833369   15.000000000000   0.500000000000   3.046279835657   100.000000000000   0.921233724000   -2.303191048054   2.442794116504   10.794817014618
10.396352655434   15.000000000000   0.500000000000   3.046279835657   100.000000000000   0.922943769612   -2.302997636103   2.430461937503   10.839236224146
10.423148404105   15.000000000000   0.500000000000   3.046279835657   100.000000000000   0.924672047847   -2.302142699969   2.417037967792   10.883696493571
10.450069922241   15.000000000000   0.500000000000   3.046279835657   100.000000000000   0.926417328563   -2.300602155069   2.402495658457   10.928132592547
10.477084399889   15.000000000000   0.500000000000   3.046279835657   100.000000000000   0.928178057010   -2.298355571079   2.386816241147   10.972471974234
10.504154621940   15.000000000000   0.500000000000   3.046279835657   100.000000000000   0.929952354784   -2.295387100825   2.369990122282   11.016635672591
10.531239492675   15.000000000000   0.500000000000   3.046279835657   100.000000000000   0.931738038233   -2.291686333201   2.352018043387   11.060539705914
10.558294826750   15.000000000000   0.500000000000   3.046279835657   100.000000000000   0.933532655355   -2.287248955963   2.332911825901   11.104096925550
10.585274352601   15.000000000000   0.500000000000   3.046279835657   100.000000000000   0.935333538982   -2.282077154448   2.312694606830   11.147219183803
10.612130839876   15.000000000000   0.500000000000   3.046279835657   100.000000000000   0.937137871731   -2.276179687730   2.291400509104   11.189819635773
10.638817240719   15.000000000000   0.500000000000   3.046279835657   100.000000000000   0.938942756547   -2.269571617032   2.269073752831   11.231814958995
10.665287730410   15.000000000000   0.500000000000   3.046279835657   100.000000000000   0.940745285771   -2.262273701396   2.245767279698   11.273127279236
10.691498545598   15.000000000000   0.500000000000   3.046279835657   100.000000000000   0.942542602006   -2.254311513746   2.221541018604   11.313685626696
10.717408544945   15.000000000000   0.500000000000   3.046279835657   100.000000000000   0.944331945083   -2.245716398384   2.196459960304   11.353426807661
10.742979453361   15.000000000000   0.500000000000   3.046279835657   100.000000000000   0.946110681478   -2.236640979424   2.170592215724   11.392295648728
10.768175789956   15.000000000000   0.500000000000   3.046279835657   100.000000000000   0.947876314755   -2.227012851284   2.144007220492   11.430244645958
10.792964517870   15.000000000000   0.500000000000   3.046279835657   100.000000000000   0.949626478140   -2.216865580127   2.116774206461   11.467233112114
10.817314477487   15.000000000000   0.500000000000   3.046279835657   100.000000000000   0.951358911929   -2.206232133943   2.088961019379   11.503225961612
10.841195684839   15.000000000000   0.500000000000   3.046279835657   100.000000000000   0.953071430208   -2.195144169291   2.060633301351   11.538192281319
10.864578572311   15.000000000000   0.500000000000   3.046279835657   100.000000000000   0.954798599542   -2.183631521059   2.031854030166   11.572103839157
10.887433245623   15.000000000000   0.500000000000   3.046279835657   100.000000000000   0.956501375954   -2.171721883180   2.002683368150   11.604933651992
10.909728814668   15.000000000000   0.500000000000   3.046279835657   100.000000000000   0.958176493113   -2.159440661871   1.973178764009   11.636654709640
10.931432837951   15.000000000000   0.500000000000   3.046279835657   100.000000000000   0.959821645328   -2.146810970598   1.943395239512   11.667238910191
10.952510862990   15.000000000000   0.500000000000   3.046279835657   100.000000000000   0.961434409324   -2.133853710307   1.913385769949   11.696656149693
10.972926241408   15.000000000000   0.500000000000   3.046279835657   100.000000000000   0.963012227286   -2.120713545984   1.883201825987   11.724873914102
10.992640418812   15.000000000000   0.500000000000   3.046279835657   100.000000000000   0.964552416353   -2.107448507220   1.852894062797   11.751857725368
11.011612804872   15.000000000000   0.500000000000   3.046279835657   100.000000000000   0.966052157424   -2.093924616691   1.822512578065   11.777570633624
11.029801241369   15.000000000000   0.500000000000   3.046279835657   100.000000000000   0.967508516500   -2.080157079332   1.792107426450   11.801973824444
11.047162614720   15.000000000000   0.500000000000   3.046279835657   100.000000000000   0.968918476067   -2.066160425100   1.761728969951   11.825027398401
11.063653619171   15.000000000000   0.500000000000   3.046279835657   100.000000000000   0.970278976551   -2.051948819158   1.731428107885   11.846691341829
11.079231654443   15.000000000000   0.500000000000   3.046279835657   100.000000000000   0.971586967078   -2.037536340559   1.701256375853   11.866926665226
11.093855798680   15.000000000000   0.500000000000   3.046279835657   100.000000000000   0.972839462427   -2.023249717831   1.671265888542   11.885696605314
11.107487598853   15.000000000000   0.500000000000   3.046279835657   100.000000000000   0.974033591985   -2.008858569606   1.641509132197   11.902967389575
11.120093165901   15.000000000000   0.500000000000   3.046279835657   100.000000000000   0.975166726813   -1.994326441020   1.612038636633   11.918711408673
11.131644186052   15.000000000000   0.500000000000   3.046279835657   100.000000000000   0.976236548102   -1.979668768982   1.582905986908   11.932908353214
11.142118487758   15.000000000000   0.500000000000   3.046279835657   100.000000000000   0.977241094240   -1.964900902591   1.554161026063   11.945545405736
11.151501087912   15.000000000000   0.500000000000   3.046279835657   100.000000000000   0.978178836446   -1.950208737101   1.525850861352   11.956618543486
11.159784736477   15.000000000000   0.500000000000   3.046279835657   100.000000000000   0.979048726545   -1.935686710891   1.498019004081   11.966132997880
11.166970054522   15.000000000000   0.500000000000   3.046279835657   100.000000000000   0.979850217912   -1.921111835764   1.470704754281   11.974103193422
11.173065060661   15.000000000000   0.500000000000   3.046279835657   100.000000000000   0.980583245221   -1.906496309481   1.443942973418   11.980551767992
11.178085524967   15.000000000000   0.500000000000   3.046279835657   100.000000000000   0.981248252447   -1.891851206937   1.417763975788   11.985510230034
11.182055534157   15.000000000000   0.500000000000   3.046279835657   100.000000000000   0.981846236592   -1.877387427899   1.392193213686   11.989020027249
11.185005312367   15.000000000000   0.500000000000   3.046279835657   100.000000000000   0.982378622093   -1.863162198588   1.367251222097   11.991128676638
11.186971192308   15.000000000000   0.500000000000   3.046279835657   100.000000000000   0.982847270821   -1.848944695119   1.342953025249   11.991889835577
11.187994931227   15.000000000000   0.500000000000   3.046279835657   100.000000000000   0.983254448781   -1.834738576102   1.319307292661   11.991362503020
11.188122546331   15.000000000000   0.500000000000   3.046279835657   100.000000000000   0.983602766456   -1.820544639716   1.296316506815   11.989609237261
11.187403071450   15.000000000000   0.500000000000   3.046279835657   100.000000000000   0.983895101489   -1.806701885859   1.273977648216   11.986694512943
11.185887194882   15.000000000000   0.500000000000   3.046279835657   100.000000000000   0.984134502830   -1.792991177554   1.252283615931   11.982682887607
11.183628185958   15.000000000000   0.500000000000   3.046279835657   100.000000000000   0.984324239732   -1.779293315631   1.231224207057   11.977641196862
11.180680932359   15.000000000000   0.500000000000   3.046279835657   100.000000000000   0.984467727265   -1.765602015501   1.210787245402   11.971637277522
11.177100576394   15.000000000000   0.500000000000   3.046279835657   100.000000000000   0.984568428706   -1.751959211336   1.190959198891   11.964737884027
11.172942469092   15.000000000000   0.500000000000   3.046279835657   100.000000000000   0.984629855713   -1.738727728168   1.171724661956   11.957008880554
11.168261524716   15.000000000000   0.500000000000   3.046279835657   100.000000000000   0.984655535253   -1.725490432920   1.153065733913   11.948514376721
11.163111492205   15.000000000000   0.500000000000   3.046279835657   100.000000000000   0.984648969782   -1.712235854268   1.134961894620   11.939315706073
11.157544570687   15.000000000000   0.500000000000   3.046279835657   100.000000000000   0.984613610049   -1.698950715059   1.117390647699   11.929471005738
11.151611786039   15.000000000000   0.500000000000   3.046279835657   100.000000000000   0.984552858271   -1.685885542629   1.100328473448   11.919036460851
11.145362879216   15.000000000000   0.500000000000   3.046279835657   100.000000000000   0.984470041459   -1.672979312694   1.083752802007   11.908066142757
11.138846432190   15.000000000000   0.500000000000   3.046279835657   100.000000000000   0.984368393508   -1.660016187808   1.067643161352   11.896612488448
11.132111577463   15.000000000000   0.500000000000   3.046279835657   100.000000000000   0.984251164716   -1.646985398103   1.051980748114   11.884729333066
11.125206399825   15.000000000000   0.500000000000   3.046279835657   100.000000000000   0.984121516131   -1.633907679650   1.036747929930   11.872469256428
11.118176930226   15.000000000000   0.500000000000   3.046279835657   100.000000000000   0.983982469184   -1.621200312589   1.021926995863   11.859881923370
11.111066767189   15.000000000000   0.500000000000   3.046279835657   100.000000000000   0.983836901023   -1.608408619200   1.007499117505   11.847013465064
11.103916983802   15.000000000000   0.500000000000   3.046279835657   100.000000000000   0.983687544143   -1.595520120171   0.993444471618   11.833906376663
11.096766719570   15.000000000000   0.500000000000   3.046279835657   100.000000000000   0.983537009888   -1.582522037888   0.979743519682   11.820600665757
11.089654191368   15.000000000000   0.500000000000   3.046279835657   100.000000000000   0.983387823189   -1.569760100626   0.966378803262   11.807135839814
11.082617499572   15.000000000000   0.500000000000   3.046279835657   100.000000000000   0.983242443429   -1.557025559231   0.953336231815   11.793552611960
11.075694622645   15.000000000000   0.500000000000   3.046279835657   100.000000000000   0.983103251158   -1.544173680178   0.940604999938   11.779893133035
11.068922444550   15.000000000000   0.500000000000   3.046279835657   100.000000000000   0.982972501541   -1.531201335799   0.928176003852   11.766199313003
11.062335293526   15.000000000000   0.500000000000   3.046279835657   100.000000000000   0.982852268704   -1.518345962850   0.916039611229   11.752509996251
11.055963796737   15.000000000000   0.500000000000   3.046279835657   100.000000000000   0.982744409338   -1.505648479466   0.904184255903   11.738858521855
11.049835982789   15.000000000000   0.500000000000   3.046279835657   100.000000000000   0.982650643886   -1.492830437686   0.892596305625   11.725274620763
11.043977500742   15.000000000000   0.500000000000   3.046279835657   100.000000000000   0.982572539929   -1.479883603217   0.881262598767   11.711785132496
11.038413957238   15.000000000000   0.500000000000   3.046279835657   100.000000000000   0.982511615996   -1.467007982587   0.870172808078   11.698418870645
11.033171563848   15.000000000000   0.500000000000   3.046279835657   100.000000000000   0.982469342768   -1.454335040562   0.859320795486   11.685208601776
11.028275366458   15.000000000000   0.500000000000   3.046279835657   100.000000000000   0.982447025622   -1.441549578597   0.848703657710   11.672188326154
11.023747733348   15.000000000000   0.500000000000   3.046279835657   100.000000000000   0.982445762297   -1.428655465018   0.838318598573   11.659389538942
11.019607033129   15.000000000000   0.500000000000   3.046279835657   100.000000000000   0.982466428715   -1.415867827387   0.828159867280   11.646837185619
11.015867708993   15.000000000000   0.500000000000   3.046279835657   100.000000000000   0.982509722105   -1.403311218712   0.818217941224   11.634548670701
11.012541726838   15.000000000000   0.500000000000   3.046279835657   100.000000000000   0.982576230421   -1.390652710863   0.808481666087   11.622536970258
11.009640252235   15.000000000000   0.500000000000   3.046279835657   100.000000000000   0.982666469756   -1.377886886811   0.798941939609   11.610815812109
11.007174274371   15.000000000000   0.500000000000   3.046279835657   100.000000000000   0.982780857750   -1.365306275842   0.789594329213   11.599403188088
11.005153774112   15.000000000000   0.500000000000   3.046279835657   100.000000000000   0.982919649579   -1.352904286931   0.780438557117   11.588320397881
11.003586258345   15.000000000000   0.500000000000   3.046279835657   100.000000000000   0.983082904103   -1.340428358522   0.771474942318   11.577587024400
11.002476026506   15.000000000000   0.500000000000   3.046279835657   100.000000000000   0.983270526587   -1.327880865901   0.762700318361   11.567215571643
11.001824820035   15.000000000000   0.500000000000   3.046279835657   100.000000000000   0.983482361876   -1.315646412522   0.754106549968   11.557209981300
11.001633187356   15.000000000000   0.500000000000   3.046279835657   100.000000000000   0.983718257288   -1.303518437251   0.745682808451   11.547569226657
11.001901291030   15.000000000000   0.500000000000   3.046279835657   100.000000000000   0.983978035366   -1.291314405011   0.737419922302   11.538293241015
11.002628506791   15.000000000000   0.500000000000   3.046279835657   100.000000000000   0.984261394515   -1.279032806677   0.729313633372   11.529386817282
11.003812386135   15.000000000000   0.500000000000   3.046279835657   100.000000000000   0.984567828855   -1.267208093367   0.721364312043   11.520858635395
11.005448257533   15.000000000000   0.500000000000   3.046279835657   100.000000000000   0.984896659302   -1.255379442897   0.713573215560   11.512716224306
11.007530167126   15.000000000000   0.500000000000   3.046279835657   100.000000000000   0.985247175482   -1.243505683992   0.705938104767   11.504960869894
11.010052209591   15.000000000000   0.500000000000   3.046279835657   100.000000000000   0.985618763914   -1.231661752643   0.698451632978   11.497586152554
11.013009852678   15.000000000000   0.500000000000   3.046279835657   100.000000000000   0.986010969845   -1.220248947097   0.691103558208   11.490582366525
11.016398842227   15.000000000000   0.500000000000   3.046279835657   100.000000000000   0.986423363641   -1.208778075652   0.683885097576   11.483941549290
11.020212749303   15.000000000000   0.500000000000   3.046279835657   100.000000000000   0.986855329284   -1.197244811927   0.676792176991   11.477659847449
11.024442142072   15.000000000000   0.500000000000   3.046279835657   100.000000000000   0.987306002734   -1.185885400494   0.669825257446   11.471737006548
11.029075963553   15.000000000000   0.500000000000   3.046279835657   100.000000000000   0.987774396421   -1.174820802880   0.662985940081   11.466172844502
11.034103790126   15.000000000000   0.500000000000   3.046279835657   100.000000000000   0.988259590185   -1.163719696503   0.656272862162   11.460962731308
11.039518031774   15.000000000000   0.500000000000   3.046279835657   100.000000000000   0.988760894128   -1.152573405234   0.649680066380   11.456096739630
11.045314044319   15.000000000000   0.500000000000   3.046279835657   100.000000000000   0.989277844251   -1.141727728597   0.643198883570   11.451562605852
11.051487543797   15.000000000000   0.500000000000   3.046279835657   100.000000000000   0.989810010620   -1.131037784972   0.636821684475   11.447349451433
11.058031333876   15.000000000000   0.500000000000   3.046279835657   100.000000000000   0.990356770206   -1.120287253192   0.630544779361   11.443449756378
11.064933933329   15.000000000000   0.500000000000   3.046279835657   100.000000000000   0.990917216572   -1.109475998506   0.624368504825   11.439858504135
11.072181485613   15.000000000000   0.500000000000   3.046279835657   100.000000000000   0.991490288022   -1.099112601553   0.618294523186   11.436570430331
11.079761754319   15.000000000000   0.500000000000   3.046279835657   100.000000000000   0.992075025164   -1.088773830852   0.612322399431   11.433577662279
11.087667167085   15.000000000000   0.500000000000   3.046279835657   100.000000000000   0.992670761480   -1.078385244842   0.606447991432   11.430869516782
11.095894542501   15.000000000000   0.500000000000   3.046279835657   100.000000000000   0.993277105691   -1.067978241097   0.600664641923   11.428434231832
11.104441693709   15.000000000000   0.500000000000   3.046279835657   100.000000000000   0.993893737825   -1.058025782984   0.594966073316   11.426261151621
11.113303352275   15.000000000000   0.500000000000   3.046279835657   100.000000000000   0.994520169766   -1.048005928557   0.589348876433   11.424341777096
11.122469377025   15.000000000000   0.500000000000   3.046279835657   100.000000000000   0.995155641829   -1.037915457921   0.583812946096   11.422669109004
11.131926671282   15.000000000000   0.500000000000   3.046279835657   100.000000000000   0.995799228274   -1.027936812364   0.578359689287   11.421236081402
11.141663530668   15.000000000000   0.500000000000   3.046279835657   100.000000000000   0.996450076642   -1.018282513416   0.572989376126   11.420034335474
11.151673193086   15.000000000000   0.500000000000   3.046279835657   100.000000000000   0.997107600419   -1.008565959413   0.567699568050   11.419054235509
11.161953990917   15.000000000000   0.500000000000   3.046279835657   100.000000000000   0.997771487992   -0.998774647636   0.562485617990   11.418285917169
11.172506096001   15.000000000000   0.500000000000   3.046279835657   100.000000000000   0.998441533752   -0.989185828493   0.557342679417   11.417720429663
11.183327222030   15.000000000000   0.500000000000   3.046279835657   100.000000000000   0.999117418318   -0.979795531511   0.552267729991   11.417350132982
11.194410276190   15.000000000000   0.500000000000   3.046279835657   100.000000000000   0.999798589198   -0.970320525038   0.547260273436   11.417168190305
11.205744598672   15.000000000000   0.500000000000   3.046279835657   100.000000000000   1.000484319310   -0.960758023647   0.542321350296   11.417167659746
11.217319904345   15.000000000000   0.500000000000   3.046279835657   100.000000000000   1.001173897753   -0.951542196264   0.537451645944   11.417340889314
11.229129979304   15.000000000000   0.500000000000   3.046279835657   100.000000000000   1.001866803286   -0.942384780818   0.532650099168   11.417679826398
11.241173526854   15.000000000000   0.500000000000   3.046279835657   100.000000000000   1.002562745258   -0.933138660808   0.527913893558   11.418176660650
11.253451690790   15.000000000000   0.500000000000   3.046279835657   100.000000000000   1.003261551104   -0.923791694384   0.523239689842   11.418824401997
11.265964152938   15.000000000000   0.500000000000   3.046279835657   100.000000000000   1.003962991661   -0.914895806364   0.518625125766   11.419616904553
11.278706557625   15.000000000000   0.500000000000   3.046279835657   100.000000000000   1.004666667565   -0.905922608742   0.514069554398   11.420548374460
11.291671000866   15.000000000000   0.500000000000   3.046279835657   100.000000000000   1.005372029769   -0.896846413679   0.509573595874   11.421612793427
11.304849133323   15.000000000000   0.500000000000   3.046279835657   100.000000000000   1.006078510773   -0.887811327282   0.505137911113   11.422803723003
11.318235545622   15.000000000000   0.500000000000   3.046279835657   100.000000000000   1.006785664535   -0.879105604503   0.500762117015   11.424114654067
11.331829051156   15.000000000000   0.500000000000   3.046279835657   100.000000000000   1.007493221342   -0.870296638890   0.496444555265   11.425539468307
11.345630817091   15.000000000000   0.500000000000   3.046279835657   100.000000000000   1.008201004555   -0.861373595797   0.492182944374   11.427072292157
11.359642144229   15.000000000000   0.500000000000   3.046279835657   100.000000000000   1.008908866503   -0.852626905274   0.487975474797   11.428708989480
11.373861435356   15.000000000000   0.500000000000   3.046279835657   100.000000000000   1.009616554185   -0.844051274640   0.483821326677   11.430445369287
11.388284353392   15.000000000000   0.500000000000   3.046279835657   100.000000000000   1.010323719443   -0.835357248174   0.479720490595   11.432276884147
11.402906291398   15.000000000000   0.500000000000   3.046279835657   100.000000000000   1.011030019144   -0.826538848741   0.475672990735   11.434198595967
11.417725796430   15.000000000000   0.500000000000   3.046279835657   100.000000000000   1.011809347303   -0.818108261056   0.471677934377   11.436205252190
11.432736137570   15.000000000000   0.500000000000   3.046279835657   100.000000000000   1.012589827787   -0.809634122803   0.467736278970   11.438295871874
11.447924932240   15.000000000000   0.500000000000   3.046279835657   100.000000000000   1.013368274450   -0.801039776576   0.463850652762   11.440472623427
11.463318559369   15.000000000000   0.500000000000   3.046279835657   100.000000000000   1.014146463788   -0.792425328636   0.460012192582   11.442722666502
11.478915465638   15.000000000000   0.500000000000   3.046279835657   100.000000000000   1.014924035052   -0.784147931285   0.456220773906   11.445045070295
11.494713784941   15.000000000000   0.500000000000   3.046279835657   100.000000000000   1.015700708875   -0.775733808171   0.452476207484   11.447437264442
11.510711695955   15.000000000000   0.500000000000   3.046279835657   100.000000000000   1.016476222570   -0.767176214464   0.448778328222   11.449896798818
11.526908766584   15.000000000000   0.500000000000   3.046279835657   100.000000000000   1.017250366650   -0.758867557197   0.445126694548   11.452421579814
11.543305606812   15.000000000000   0.500000000000   3.046279835657   100.000000000000   1.018022930779   -0.750620776508   0.441520277887   11.455008259521
11.559905598470   15.000000000000   0.500000000000   3.046279835657   100.000000000000   1.018793854489   -0.742224994861   0.437958243901   11.457657233991
11.576711659550   15.000000000000   0.500000000000   3.046279835657   100.000000000000   1.019563050530   -0.733732213042   0.434439912847   11.460369206933
11.593719987447   15.000000000000   0.500000000000   3.046279835657   100.000000000000   1.020329984008   -0.725632292963   0.430963773366   11.463134343903
11.610935457906   15.000000000000   0.500000000000   3.046279835657   100.000000000000   1.021094804856   -0.717379903826   0.427530836506   11.465962781273
11.628356732438   15.000000000000   0.500000000000   3.046279835657   100.000000000000   1.021857210334   -0.708968588853   0.424140832878   11.468852792702
11.645983339804   15.000000000000   0.500000000000   3.046279835657   100.000000000000   1.022616912502   -0.700805727912   0.420793251407   11.471802548831
11.663818292206   15.000000000000   0.500000000000   3.046279835657   100.000000000000   1.023373821264   -0.692687422689   0.417487857274   11.474815105540
11.681864184687   15.000000000000   0.500000000000   3.046279835657   100.000000000000   1.024127775446   -0.684406316251   0.414224016633   11.477891415441
11.700124164243   15.000000000000   0.500000000000   3.046279835657   100.000000000000   1.024878650928   -0.676096434870   0.411000926100   11.481031702394
11.718603667828   15.000000000000   0.500000000000   3.046279835657   100.000000000000   1.025626466361   -0.668097658816   0.407817454772   11.484236329331
11.737284191730   15.000000000000   0.500000000000   3.046279835657   100.000000000000   1.026369729797   -0.659938075252   0.404677159888   11.487511313284
11.756141391437   15.000000000000   0.500000000000   3.046279835657   100.000000000000   1.027106681858   -0.651621911265   0.401584308535   11.490863090008
11.775225977703   15.000000000000   0.500000000000   3.046279835657   100.000000000000   1.027840127400   -0.643694274605   0.398528948726   11.494281553182
11.794540403118   15.000000000000   0.500000000000   3.046279835657   100.000000000000   1.028569764647   -0.635648704199   0.395510658415   11.497768318127
11.814063520050   15.000000000000   0.500000000000   3.046279835657   100.000000000000   1.029293800764   -0.627433720256   0.392533678340   11.501336642629
11.833779661565   15.000000000000   0.500000000000   3.046279835657   100.000000000000   1.030011188571   -0.619411031155   0.389600240782   11.504989264223
11.853724007542   15.000000000000   0.500000000000   3.046279835657   100.000000000000   1.030723503708   -0.611479317290   0.386703722969   11.508718546119
11.873901415165   15.000000000000   0.500000000000   3.046279835657   100.000000000000   1.031430447691   -0.603368826803   0.383843440634   11.512529147062
11.894316165172   15.000000000000   0.500000000000   3.046279835657   100.000000000000   1.032131733255   -0.595294803666   0.381018707406   11.516424229289
11.914974144947   15.000000000000   0.500000000000   3.046279835657   100.000000000000   1.032827107022   -0.587439385744   0.378228609531   11.520407107071
11.935881839840   15.000000000000   0.500000000000   3.046279835657   100.000000000000   1.033608898528   -0.579398366170   0.375472163453   11.524480585660
11.957045760194   15.000000000000   0.500000000000   3.046279835657   100.000000000000   1.034392117920   -0.571242998555   0.372748411621   11.528647887467
11.978471267662   15.000000000000   0.500000000000   3.046279835657   100.000000000000   1.035169675141   -0.563443905558   0.370056561274   11.532911983804
12.000162307698   15.000000000000   0.500000000000   3.046279835657   100.000000000000   1.035941143867   -0.555453373474   0.367395997516   11.537275499041
12.050200000000   15.000000000000   0.500000000000   3.046279835657   100.000000000000   1.037660280015   -0.537453418978   0.361493113762   11.547520664870
12.100200000000   15.000000000000   0.500000000000   3.046279835657   100.000000000000   1.039293161407   -0.519800456232   0.355898605637   11.558006314411
12.150200000000   15.000000000000   0.500000000000   3.046279835657   100.000000000000   1.040840075149   -0.502799816322   0.350581735367   11.568731851656
12.200200000000   15.000000000000   0.500000000000   3.046279835657   100.000000000000   1.042299583055   -0.486289396211   0.345518968606   11.579682761573
12.250200000000   15.000000000000   0.500000000000   3.046279835657   100.000000000000   1.043667086824   -0.469980031723   0.340691565318   11.590877022046
12.300200000000   15.000000000000   0.500000000000   3.046279835657   100.000000000000   1.044943441586   -0.454098358651   0.336079506543   11.602259744360
12.350200000000   15.000000000000   0.500000000000   3.046279835657   100.000000000000   1.046129350843   -0.438733681466   0.331665025522   11.613777089574
12.400200000000   15.000000000000   0.500000000000   3.046279835657   100.000000000000   1.047224332787   -0.423496313990   0.327433497085   11.625396907277
12.450200000000   15.000000000000   0.500000000000   3.046279835657   100.000000000000   1.048224979290   -0.408643390325   0.323374148433   11.637157044225
12.500200000000   15.000000000000   0.500000000000   3.046279835657   100.000000000000   1.049338958324   -0.394195052168   0.319474417798   11.649033291766
12.550200000000   15.000000000000   0.500000000000   3.046279835657   100.000000000000   1.050379953927   -0.379812019928   0.315721857556   11.660969853538
12.600200000000   15.000000000000   0.500000000000   3.046279835657   100.000000000000   1.051327224836   -0.365912197020   0.312107586499   11.672979580461
12.650200000000   15.000000000000   0.500000000000   3.046279835657   100.000000000000   1.052182407204   -0.352203399029   0.308621966840   11.685031941693
12.700200000000   15.000000000000   0.500000000000   3.046279835657   100.000000000000   1.052945919512   -0.338602333476   0.305257520568   11.697114271943
12.750200000000   15.000000000000   0.500000000000   3.046279835657   100.000000000000   1.053617491082   -0.325489081718   0.302002697370   11.709167672831
12.800200000000   15.000000000000   0.500000000000   3.046279835657   100.000000000000   1.054195054770   -0.312336755939   0.298851415243   11.721181685844
12.850200000000   15.000000000000   0.500000000000   3.046279835657   100.000000000000   1.054679603779   -0.299565968524   0.295805660033   11.733202674129
12.900200000000   15.000000000000   0.500000000000   3.046279835657   100.000000000000   1.055077943888   -0.286918486622   0.292856859493   11.745154106553
12.950200000000   15.000000000000   0.500000000000   3.046279835657   100.000000000000   1.055391668118   -0.274457342044   0.290000597964   11.757019544407
13.000200000000   15.000000000000   0.500000000000   3.046279835657   100.000000000000   1.055811988387   -0.262269395770   0.287232834786   11.768784911017
13.050200000000   15.000000000000   0.500000000000   3.046279835657   100.000000000000   1.056176672340   -0.250136768959   0.284549682021   11.780436662931
16.000000000000   15.000000000000   0.000000000000   3.046279835657   100.000000000000   1.050000000000   -0.254558770477   0.130000000000   12.450000000000
20.000000000000   15.000000000000   0.000000000000   3.046279835657   100.000000000000   1.050000000000   -0.254558770477   0.120000000000   12.700000000000
