0.150000000000   15.000000000000   0.000000000000   3.046279835657   100.000000000000   0.304467359659   -0.406938184784   0.446293347752   1.488101804981
0.700000000000   15.000000000000   1.750000000000   3.046279835657   100.000000000000   0.355185481696   -0.277052675074   0.473213117128   1.271741607780
0.750000000000   15.000000000000   1.750000000000   3.046279835657   100.000000000000   0.360649411459   -0.271840261893   0.475585064530   1.275743175730
0.800000000000   15.000000000000   1.750000000000   3.046279835657   100.000000000000   0.365865333723   -0.266731556763   0.477877033042   1.280223824818
0.850000000000   15.000000000000   1.750000000000   3.046279835657   100.000000000000   0.370858766201   -0.261720171766   0.480108204602   1.285110050620
0.900000000000   15.000000000000   1.750000000000   3.046279835657   100.000000000000   0.375651640742   -0.256947048234   0.482295989398   1.290354645534
0.950000000000   15.000000000000   1.750000000000   3.046279835657   100.000000000000   0.380262996739   -0.252252303369   0.484455939484   1.295930124792
1.000000000000   15.000000000000   1.750000000000   3.046279835657   100.000000000000   0.384709510756   -0.247637277000   0.486601731391   1.301823589004
1.050000000000   15.000000000000   1.750000000000   3.046279835657   100.000000000000   0.389047170264   -0.243215074254   0.488745197557   1.308032762689
1.100000000000   15.000000000000   1.750000000000   3.046279835657   100.000000000000   0.393281552173   -0.238954032653   0.490896387900   1.314562975277
1.150000000000   15.000000000000   1.750000000000   3.046279835657   100.000000000000   0.397385978688   -0.234788698123   0.493063645935   1.321424880211
1.200000000000   15.000000000000   1.750000000000   3.046279835657   100.000000000000   0.401371535618   -0.230724071871   0.495253687848   1.328632737853
1.250000000000   15.000000000000   1.750000000000   3.046279835657   100.000000000000   0.405248236466   -0.226891543570   0.497471676833   1.336203119197
1.300000000000   15.000000000000   1.750000000000   3.046279835657   100.000000000000   0.409025177863   -0.223205816154   0.499721288274   1.344153919603
1.350000000000   15.000000000000   1.750000000000   3.046279835657   100.000000000000   0.412710668081   -0.219633610452   0.502004763392   1.352503595876
1.400000000000   15.000000000000   1.750000000000   3.046279835657   100.000000000000   0.416312333925   -0.216178568792   0.504322951028   1.361270568858
1.450000000000   15.000000000000   1.750000000000   3.046279835657   100.000000000000   0.419837210064   -0.212843975253   0.506675338669   1.370472751992
1.500000000000   15.000000000000   1.750000000000   3.046279835657   100.000000000000   0.423291813837   -0.209692701812   0.509060073717   1.380127172357
1.550000000000   15.000000000000   1.750000000000   3.046279835657   100.000000000000   0.426682208108   -0.206731388716   0.511473978036   1.390249672993
1.600000000000   15.000000000000   1.750000000000   3.046279835657   100.000000000000   0.430014053975   -0.203888957259   0.513912557222   1.400854672271
1.650000000000   15.000000000000   1.750000000000   3.046279835657   100.000000000000   0.433292654968   -0.201164533004   0.516370007440   1.411954973184
1.700000000000   15.000000000000   1.750000000000   3.046279835657   100.000000000000   0.436522993929   -0.198556244458   0.518839221916   1.423561604197
1.750000000000   15.000000000000   1.750000000000   3.046279835657   100.000000000000   0.439709763399   -0.196061101598   0.521311798141   1.435683668254
1.800000000000   15.000000000000   1.750000000000   3.046279835657   100.000000000000   0.442857390445   -0.193674897436   0.523778049424   1.448328194273
1.850000000000   15.000000000000   1.750000000000   3.046279835657   100.000000000000   0.445970056193   -0.191392128534   0.526227021099   1.461499952381
1.900000000000   15.000000000000   1.750000000000   3.046279835657   100.000000000000   0.449051710621   -0.189205937906   0.528646515583   1.475201232029
1.950000000000   15.000000000000   1.750000000000   3.046279835657   100.000000000000   0.452106082892   -0.187108081680   0.531023129933   1.489431566126
2.000000000000   15.000000000000   1.750000000000   3.046279835657   100.000000000000   0.455136687456   -0.185088922269   0.533342310847   1.504187409061
2.050000000000   15.000000000000   1.750000000000   3.046279835657   100.000000000000   0.458149249270   -0.183147545156   0.535588432516   1.519461767849
2.100000000000   15.000000000000   1.750000000000   3.046279835657   100.000000000000   0.461153574711   -0.181265250324   0.537744904412   1.535243810332
2.150000000000   15.000000000000   1.750000000000   3.046279835657   100.000000000000   0.464140302204   -0.179416880587   0.539794313298   1.551518448350
2.200000000000   15.000000000000   1.750000000000   3.046279835657   100.000000000000   0.467111959796   -0.177588674123   0.541718604543   1.568265895131
2.250000000000   15.000000000000   1.750000000000   3.046279835657   100.000000000000   0.470070822722   -0.175766151154   0.543499271753   1.585461202502
2.300000000000   15.000000000000   1.750000000000   3.046279835657   100.000000000000   0.473018906525   -0.173934376286   0.545117742327   1.603073978824
2.350000000000   15.000000000000   1.750000000000   3.046279835657   100.000000000000   0.475957940532   -0.172084239332   0.546555537224   1.621068070272
2.400000000000   15.000000000000   1.750000000000   3.046279835657   100.000000000000   0.478889359217   -0.170205734963   0.547794758853   1.639401544711
2.450000000000   15.000000000000   1.750000000000   3.046279835657   100.000000000000   0.481814266033   -0.168272910988   0.548818216288   1.658026371665
2.500000000000   15.000000000000   1.750000000000   3.046279835657   100.000000000000   0.484748541096   -0.166269742206   0.549610281079   1.676888541440
2.550000000000   15.000000000000   1.750000000000   3.046279835657   100.000000000000   0.487683373127   -0.164180920017   0.550156895932   1.695927811431
2.600000000000   15.000000000000   1.750000000000   3.046279835657   100.000000000000   0.490617330125   -0.161992095745   0.550445927314   1.715077985826
2.650000000000   15.000000000000   1.750000000000   3.046279835657   100.000000000000   0.493550266643   -0.159690194647   0.550467833741   1.734267424692
2.700000000000   15.000000000000   1.750000000000   3.046279835657   100.000000000000   0.496481660462   -0.157263506827   0.550215804564   1.753418893069
2.750000000000   15.000000000000   1.750000000000   3.046279835657   100.000000000000   0.499410614562   -0.154701771913   0.549685980179   1.772449534176
2.800000000000   15.000000000000   1.750000000000   3.046279835657   100.000000000000   0.502335879619   -0.152010927876   0.548877695248   1.791271344945
2.850000000000   15.000000000000   1.750000000000   3.046279835657   100.000000000000   0.505255880358   -0.149215766845   0.547793514659   1.809791756202
2.900000000000   15.000000000000   1.750000000000   3.046279835657   100.000000000000   0.508168758383   -0.146284226052   0.546439220362   1.827913846259
2.950000000000   15.000000000000   1.750000000000   3.046279835657   100.000000000000   0.511072426902   -0.143213730847   0.544823673559   1.845536360999
3.000000000000   15.000000000000   1.750000000000   3.046279835657   100.000000000000   0.513964640778   -0.140002421171   0.542958557860   1.862554127589
3.050000000000   15.000000000000   1.750000000000   3.046279835657   100.000000000000   0.516843078100   -0.136648746572   0.540857975688   1.878858863445
3.100000000000   15.000000000000   1.750000000000   3.046279835657   100.000000000000   0.519705430377   -0.133151019748   0.538537914345   1.894339988556
3.150000000000   15.000000000000   1.750000000000   3.046279835657   100.000000000000   0.522549500698   -0.129507006127   0.536015611220   1.908885502257
3.200000000000   15.000000000000   1.750000000000   3.046279835657   100.000000000000   0.525373303232   -0.125713543464   0.533308817160   1.922383040971
3.250000000000   15.000000000000   1.750000000000   3.046279835657   100.000000000000   0.528175160674   -0.122050251989   0.530434981097   1.934721513312
3.300000000000   15.000000000000   1.750000000000   3.046279835657   100.000000000000   0.530953789941   -0.118275727962   0.527410380619   1.945793228201
3.350000000000   15.000000000000   1.750000000000   3.046279835657   100.000000000000   0.533708371029   -0.114372764451   0.524249258890   1.955496613420
3.400000000000   15.000000000000   1.750000000000   3.046279835657   100.000000000000   0.536438589341   -0.110467212828   0.520963016993   1.963739375389
3.450000000000   15.000000000000   1.750000000000   3.046279835657   100.000000000000   0.539144647207   -0.106721534378   0.517559556164   1.970442366736
3.500000000000   15.000000000000   1.750000000000   3.046279835657   100.000000000000   0.541913318417   -0.102849694869   0.514042810349   1.975543678161
3.550000000000   15.000000000000   1.750000000000   3.046279835657   100.000000000000   0.544694793060   -0.099119217891   0.510412578879   1.979003376734
3.600000000000   15.000000000000   1.750000000000   3.046279835657   100.000000000000   0.547463363057   -0.095516510345   0.506664720586   1.980808127638
3.650000000000   15.000000000000   1.750000000000   3.046279835657   100.000000000000   0.550221106998   -0.091911952354   0.502791802840   1.980975823500
3.700000000000   15.000000000000   1.750000000000   3.046279835657   100.000000000000   0.552970108491   -0.088636431718   0.498784288061   1.979559963488
3.750000000000   15.000000000000   1.750000000000   3.046279835657   100.000000000000   0.555712213064   -0.085296595128   0.494632310486   1.976653152352
3.800000000000   15.000000000000   1.750000000000   3.046279835657   100.000000000000   0.558448755635   -0.082400721839   0.490328085789   1.972390706219
3.850000000000   15.000000000000   1.750000000000   3.046279835657   100.000000000000   0.561180250638   -0.079516146186   0.485868835802   1.966953531314
3.900000000000   15.000000000000   1.750000000000   3.046279835657   100.000000000000   0.563906079761   -0.077030621222   0.481260238799   1.960570040160
3.950000000000   15.000000000000   1.750000000000   3.046279835657   100.000000000000   0.566624218888   -0.074680454701   0.476520387760   1.953517352788
4.000000000000   15.000000000000   1.750000000000   3.046279835657   100.000000000000   0.569330989322   -0.072687409010   0.471683576877   1.946121215819
4.050000000000   15.000000000000   1.750000000000   3.046279835657   100.000000000000   0.572207985027   -0.071032739811   0.466802777686   1.938752189439
4.100000000000   15.000000000000   1.750000000000   3.046279835657   100.000000000000   0.575108849834   -0.069666323908   0.461950265939   1.931816413727
4.150000000000   15.000000000000   1.750000000000   3.046279835657   100.000000000000   0.577993477502   -0.068775460745   0.457215642383   1.925740366453
4.200000000000   15.000000000000   1.750000000000   3.046279835657   100.000000000000   0.580851589907   -0.068269806141   0.452699950009   1.920948299700
4.250000000000   15.000000000000   1.750000000000   3.046279835657   100.000000000000   0.583671874237   -0.068229834582   0.448506369396   1.917833040754
4.300000000000   15.000000000000   1.750000000000   3.046279835657   100.000000000000   0.586442774395   -0.068802110292   0.444730004184   1.916727965555
4.350000000000   15.000000000000   1.750000000000   3.046279835657   100.000000000000   0.589153273213   -0.069721461208   0.441449132925   1.917886234464
4.400000000000   15.000000000000   1.750000000000   3.046279835657   100.000000000000   0.591847548294   -0.071149718933   0.438719844251   1.921471099907
4.450000000000   15.000000000000   1.750000000000   3.046279835657   100.000000000000   0.594746610239   -0.073300281890   0.436574987806   1.927558752614
4.500000000000   15.000000000000   1.750000000000   3.046279835657   100.000000000000   0.597575160605   -0.075899300395   0.435026830062   1.936150796042
4.550000000000   15.000000000000   1.750000000000   3.046279835657   100.000000000000   0.600326573346   -0.078961238290   0.434071779712   1.947192148294
4.600000000000   15.000000000000   1.750000000000   3.046279835657   100.000000000000   0.602995145407   -0.082476922538   0.433695565623   1.960590109922
4.650000000000   15.000000000000   1.750000000000   3.046279835657   100.000000000000   0.605575732576   -0.086416809779   0.433877812811   1.976232820307
4.700000000000   15.000000000000   1.750000000000   3.046279835657   100.000000000000   0.608063402776   -0.090735079114   0.434595578700   1.994002932122
4.750000000000   15.000000000000   1.750000000000   3.046279835657   100.000000000000   0.610542690090   -0.095550824939   0.435825792919   2.013783679450
4.800000000000   15.000000000000   1.750000000000   3.046279835657   100.000000000000   0.613252893312   -0.100871776839   0.437546725721   2.035464512049
4.850000000000   15.000000000000   1.750000000000   3.046279835657   100.000000000000   0.615869606163   -0.106458935944   0.439738943539   2.058942464382
4.900000000000   15.000000000000   1.750000000000   3.046279835657   100.000000000000   0.618386494676   -0.112231069373   0.442385063587   2.084136694082
4.950000000000   15.000000000000   1.750000000000   3.046279835657   100.000000000000   0.620796426799   -0.118615267668   0.445470051730   2.110978639002
5.000000000000   15.000000000000   1.750000000000   3.046279835657   100.000000000000   0.623091357706   -0.125232085251   0.448981188567   2.139405870793
5.050000000000   15.000000000000   1.750000000000   3.046279835657   100.000000000000   0.625262210439   -0.132052716258   0.452907433440   2.169374754427
5.100000000000   15.000000000000   1.750000000000   3.046279835657   100.000000000000   0.627658719629   -0.139448266680   0.457238868814   2.200855573501
5.150000000000   15.000000000000   1.750000000000   3.046279835657   100.000000000000   0.630082207663   -0.146770488735   0.461967028342   2.233820262262
5.200000000000   15.000000000000   1.750000000000   3.046279835657   100.000000000000   0.632367618121   -0.154830977286   0.467084100327   2.268256497512
5.250000000000   15.000000000000   1.750000000000   3.046279835657   100.000000000000   0.634501228278   -0.162762905488   0.472582538107   2.304157261126
5.300000000000   15.000000000000   1.750000000000   3.046279835657   100.000000000000   0.636467967244   -0.171388369699   0.478455431212   2.341517456244
5.350000000000   15.000000000000   1.750000000000   3.046279835657   100.000000000000   0.638251439857   -0.179916544954   0.484695515686   2.380340035390
5.400000000000   15.000000000000   1.750000000000   3.046279835657   100.000000000000   0.640069341259   -0.188977659148   0.491295817148   2.420626924019
5.450000000000   15.000000000000   1.750000000000   3.046279835657   100.000000000000   0.642082568973   -0.198147294706   0.498249057698   2.462380920740
5.500000000000   15.000000000000   1.750000000000   3.046279835657   100.000000000000   0.643878844728   -0.207551515972   0.505547769100   2.505604239234
5.550000000000   15.000000000000   1.750000000000   3.046279835657   100.000000000000   0.645436738730   -0.217298986357   0.513184232757   2.550294055523
5.600000000000   15.000000000000   1.750000000000   3.046279835657   100.000000000000   0.646734230061   -0.226960553167   0.521150746816   2.596445611268
5.650000000000   15.000000000000   1.750000000000   3.046279835657   100.000000000000   0.647749165477   -0.237292571340   0.529439251842   2.644046616675
5.700000000000   15.000000000000   1.750000000000   3.046279835657   100.000000000000   0.648928770373   -0.247503124307   0.538041803044   2.693079105313
5.750000000000   15.000000000000   1.750000000000   3.046279835657   100.000000000000   0.650097584007   -0.257974891251   0.546950592491   2.743518112699
5.800000000000   15.000000000000   1.750000000000   3.046279835657   100.000000000000   0.650936591775   -0.268744110678   0.556158035326   2.795331490847
5.850000000000   15.000000000000   1.750000000000   3.046279835657   100.000000000000   0.651424817317   -0.279347465603   0.565656996317   2.848480951657
5.900000000000   15.000000000000   1.750000000000   3.046279835657   100.000000000000   0.651543959024   -0.290573519191   0.575440906554   2.902921184833
5.950000000000   15.000000000000   1.750000000000   3.046279835657   100.000000000000   0.651279175357   -0.301687665435   0.585503986664   2.958603695785
6.000000000000   15.000000000000   1.750000000000   3.046279835657   100.000000000000   0.651453669143   -0.312996860978   0.595841186466   3.015476274593
6.050000000000   15.000000000000   1.750000000000   3.046279835657   100.000000000000   0.651248391587   -0.324571427833   0.606448249438   3.073483749083
6.100000000000   15.000000000000   1.750000000000   3.046279835657   100.000000000000   0.650631377213   -0.335979157469   0.617321741891   3.132572349260
6.150000000000   15.000000000000   1.750000000000   3.046279835657   100.000000000000   0.649600347911   -0.348038402366   0.628458753284   3.192688311418
6.200000000000   15.000000000000   1.750000000000   3.046279835657   100.000000000000   0.648158731694   -0.359907999167   0.639856682078   3.253778441724
6.250000000000   15.000000000000   1.750000000000   3.046279835657   100.000000000000   0.646687342644   -0.372079079610   0.651513018922   3.315793257100
6.300000000000   15.000000000000   1.750000000000   3.046279835657   100.000000000000   0.645295800496   -0.384458650748   0.663424889795   3.378684710566
6.350000000000   15.000000000000   1.750000000000   3.046279835657   100.000000000000   0.643500132621   -0.396784579573   0.675588640364   3.442406136630
6.400000000000   15.000000000000   1.750000000000   3.046279835657   100.000000000000   0.641317928840   -0.409647165238   0.687999531064   3.506914247239
6.450000000000   15.000000000000   1.750000000000   3.046279835657   100.000000000000   0.638771924555   -0.422321876976   0.700651348342   3.572166691937
6.500000000000   15.000000000000   1.750000000000   3.046279835657   100.000000000000   0.635889743349   -0.435545846384   0.713535998642   3.638122590232
6.550000000000   15.000000000000   1.750000000000   3.046279835657   100.000000000000   0.632703677273   -0.448713252362   0.726643419315   3.704744250958
6.600000000000   15.000000000000   1.750000000000   3.046279835657   100.000000000000   0.629831426953   -0.462137744851   0.739961438147   3.771995234393
6.650000000000   15.000000000000   1.750000000000   3.046279835657   100.000000000000   0.626722543717   -0.475827175460   0.753475477579   3.839842297227
6.700000000000   15.000000000000   1.750000000000   3.046279835657   100.000000000000   0.623767698590   -0.489468314672   0.767168891626   3.908256372350
6.750000000000   15.000000000000   1.750000000000   3.046279835657   100.000000000000   0.627701813348   -0.503626420503   0.781023167574   3.977211124065
6.800000000000   15.000000000000   1.750000000000   3.046279835657   100.000000000000   0.631646414028   -0.517532611904   0.795017759847   4.046685906257
6.850000000000   15.000000000000   1.750000000000   3.046279835657   100.000000000000   0.635598393268   -0.532111403031   0.809130820532   4.116664432473
6.900000000000   15.000000000000   1.750000000000   3.046279835657   100.000000000000   0.639554564835   -0.546434502383   0.823339682208   4.187134363267
6.950000000000   15.000000000000   1.750000000000   3.046279835657   100.000000000000   0.643511771507   -0.561200262772   0.837621036209   4.258090209970
7.000000000000   15.000000000000   1.750000000000   3.046279835657   100.000000000000   0.647466884394   -0.575927577549   0.851951664485   4.329529319424
7.050000000000   15.000000000000   1.750000000000   3.046279835657   100.000000000000   0.651417007177   -0.590870813885   0.866308891197   4.401453466810
7.100000000000   15.000000000000   1.750000000000   3.046279835657   100.000000000000   0.655359441110   -0.605924655402   0.880671470308   4.473869478450
7.150000000000   15.000000000000   1.750000000000   3.046279835657   100.000000000000   0.659291676801   -0.621025331208   0.895019736772   4.546785198973
7.200000000000   15.000000000000   1.750000000000   3.046279835657   100.000000000000   0.663248914559   -0.636394575131   0.909335843674   4.620210626566
7.250000000000   15.000000000000   1.750000000000   3.046279835657   100.000000000000   0.667249168958   -0.651648005048   0.923605050706   4.694154306470
7.300000000000   15.000000000000   1.750000000000   3.046279835657   100.000000000000   0.671239574025   -0.667258102457   0.937815462208   4.768623052209
7.350000000000   15.000000000000   1.750000000000   3.046279835657   100.000000000000   0.675218003383   -0.682657893028   0.951958238621   4.843617380547
7.400000000000   15.000000000000   1.750000000000   3.046279835657   100.000000000000   0.679182466656   -0.698509087827   0.966027793631   4.919126758414
7.450000000000   15.000000000000   1.750000000000   3.046279835657   100.000000000000   0.683131108191   -0.714062311863   0.980023011734   4.995131359557
7.500000000000   15.000000000000   1.750000000000   3.046279835657   100.000000000000   0.687062034215   -0.730086684828   0.993946257519   5.071596073729
7.550000000000   15.000000000000   1.750000000000   3.046279835657   100.000000000000   0.690973477084   -0.745798318718   1.007803151797   5.148469886177
7.600000000000   15.000000000000   1.750000000000   3.046279835657   100.000000000000   0.694863800410   -0.761995837818   1.021603818679   5.225684819765
7.650000000000   15.000000000000   1.750000000000   3.046279835657   100.000000000000   0.698731533204   -0.777875620901   1.035361983819   5.303162120590
7.700000000000   15.000000000000   1.750000000000   3.046279835657   100.000000000000   0.702575206274   -0.794171174842   1.049096079713   5.380815948042
7.750000000000   15.000000000000   1.750000000000   3.046279835657   100.000000000000   0.706393522948   -0.810229130678   1.062827969904   5.458555487257
7.800000000000   15.000000000000   1.750000000000   3.046279835657   100.000000000000   0.710185536583   -0.826622084854   1.076584010038   5.536294485197
7.850000000000   15.000000000000   1.750000000000   3.046279835657   100.000000000000   0.713950606564   -0.842881308134   1.090395540338   5.613959653110
7.900000000000   15.000000000000   1.750000000000   3.046279835657   100.000000000000   0.717688269811   -0.859326233069   1.104298568952   5.691497172616
7.950000000000   15.000000000000   1.750000000000   3.046279835657   100.000000000000   0.721398284734   -0.875836956928   1.118333057102   5.768869525548
8.000000000000   15.000000000000   1.750000000000   3.046279835657   100.000000000000   0.725080842521   -0.892402065796   1.132542414960   5.846059418491
8.050000000000   15.000000000000   1.750000000000   3.046279835657   100.000000000000   0.728736396538   -0.909240832558   1.146974069533   5.923071651809
8.100000000000   15.000000000000   1.750000000000   3.046279835657   100.000000000000   0.732365379103   -0.925980382437   1.161678193089   5.999932693745
8.150000000000   15.000000000000   1.750000000000   3.046279835657   100.000000000000   0.735968155537   -0.943256350339   1.176706279501   6.076679974314
8.200000000000   15.000000000000   1.750000000000   3.046279835657   100.000000000000   0.739601815941   -0.960343360513   1.192110534471   6.153359611479
8.250000000000   15.000000000000   1.750000000000   3.046279835657   100.000000000000   0.743280599919   -0.978170549077   1.207944235538   6.230028284607
8.300000000000   15.000000000000   1.750000000000   3.046279835657   100.000000000000   0.746935348386   -0.995749090307   1.224261412302   6.306753124583
8.350000000000   15.000000000000   1.750000000000   3.046279835657   100.000000000000   0.750566310473   -1.014257944503   1.241115049853   6.383600246151
8.400000000000   15.000000000000   1.750000000000   3.046279835657   100.000000000000   0.754173994650   -1.032567050453   1.258557034482   6.460631860921
8.450000000000   15.000000000000   1.750000000000   3.046279835657   100.000000000000   0.757759170798   -1.051869060332   1.276638595873   6.537913789854
8.500000000000   15.000000000000   1.750000000000   3.046279835657   100.000000000000   0.761322233327   -1.071093927326   1.295410246182   6.615514829965
8.550000000000   15.000000000000   1.750000000000   3.046279835657   100.000000000000   0.764863335958   -1.091302955534   1.314919089066   6.693493678916
8.600000000000   15.000000000000   1.750000000000   3.046279835657   100.000000000000   0.768383028775   -1.111688444558   1.335208832707   6.771899029682
8.650000000000   15.000000000000   1.750000000000   3.046279835657   100.000000000000   0.771881927139   -1.132881302949   1.356320031634   6.850782249216
8.700000000000   15.000000000000   1.750000000000   3.046279835657   100.000000000000   0.775360035510   -1.154591342908   1.378287685302   6.930187394815
8.750000000000   15.000000000000   1.750000000000   3.046279835657   100.000000000000   0.778817491939   -1.176821177654   1.401138309961   7.010138414996
8.800000000000   15.000000000000   1.750000000000   3.046279835657   100.000000000000   0.782254932864   -1.200024874402   1.424890005736   7.090652697974
8.850000000000   15.000000000000   1.750000000000   3.046279835657   100.000000000000   0.785672428804   -1.223445739541   1.449550812310   7.171743687870
8.900000000000   15.000000000000   1.750000000000   3.046279835657   100.000000000000   0.789069835948   -1.248039606165   1.475114696782   7.253400438796
8.950000000000   15.000000000000   1.750000000000   3.046279835657   100.000000000000   0.792447694792   -1.273061004887   1.501561862200   7.335596999474
9.000000000000   15.000000000000   1.750000000000   3.046279835657   100.000000000000   0.795806226600   -1.298587213515   1.528859499032   7.418306019337
9.050000000000   15.000000000000   1.750000000000   3.046279835657   100.000000000000   0.799145291994   -1.325113066556   1.556960882300   7.501478717639
9.100000000000   15.000000000000   1.750000000000   3.046279835657   100.000000000000   0.802465506148   -1.351845899503   1.585808191817   7.585051715953
9.150000000000   15.000000000000   1.750000000000   3.046279835657   100.000000000000   0.805767355571   -1.379327641450   1.615336985533   7.668966934092
9.200000000000   15.000000000000   1.750000000000   3.046279835657   100.000000000000   0.809050867098   -1.407325851061   1.645479428832   7.753156428935
9.250000000000   15.000000000000   1.750000000000   3.046279835657   100.000000000000   0.812316650078   -1.435365277851   1.676171077179   7.837548706315
9.300000000000   15.000000000000   1.750000000000   3.046279835657   100.000000000000   0.815644954009   -1.464411907639   1.707359317847   7.922091358683
9.350000000000   15.000000000000   1.750000000000   3.046279835657   100.000000000000   0.818976204961   -1.493438046737   1.739006233246   8.006738299396
9.400000000000   15.000000000000   1.750000000000   3.046279835657   100.000000000000   0.822289428384   -1.522836973924   1.771086149026   8.091446504578
9.450000000000   15.000000000000   1.750000000000   3.046279835657   100.000000000000   0.825584880459   -1.552769945160   1.803586371074   8.176196225947
9.500000000000   15.000000000000   1.750000000000   3.046279835657   100.000000000000   0.828862283207   -1.582555908441   1.836514841919   8.260988285323
9.550000000000   15.000000000000   1.750000000000   3.046279835657   100.000000000000   0.832121517066   -1.613372561773   1.869901787479   8.345831871226
9.600000000000   15.000000000000   1.750000000000   3.046279835657   100.000000000000   0.835362685396   -1.644090959073   1.903779983405   8.430742581103
9.650000000000   15.000000000000   1.750000000000   3.046279835657   100.000000000000   0.838585560960   -1.675481177593   1.938164070579   8.515735446976
9.700000000000   15.000000000000   1.750000000000   3.046279835657   100.000000000000   0.841789896363   -1.707165359673   1.973060805390   8.600826826412
9.750000000000   15.000000000000   1.750000000000   3.046279835657   100.000000000000   0.844975695103   -1.739246023367   2.008495651153   8.686049274517
9.800000000000   15.000000000000   1.750000000000   3.046279835657   100.000000000000   0.848142781405   -1.771989570116   2.044501556044   8.771435867444
9.850000000000   15.000000000000   1.750000000000   3.046279835657   100.000000000000   0.851290824369   -1.804918146236   2.081067837600   8.856982612547
9.900000000000   15.000000000000   1.750000000000   3.046279835657   100.000000000000   0.854419769447   -1.838653110796   2.118127073918   8.942660226847
9.950000000000   15.000000000000   1.750000000000   3.046279835657   100.000000000000   0.857529638381   -1.872376683833   2.155622831112   9.028468869014
10.000000000000   15.000000000000   1.750000000000   3.046279835657   100.000000000000   0.860620159010   -1.906987788468   2.193561780131   9.114438665568
10.050000000000   15.000000000000   1.750000000000   3.046279835657   100.000000000000   0.863691089398   -1.941573027508   2.231945824263   9.200559527986
10.100000000000   15.000000000000   1.750000000000   3.046279835657   100.000000000000   0.866742658831   -1.976912194272   2.270678135219   9.286758585874
10.150000000000   15.000000000000   1.750000000000   3.046279835657   100.000000000000   0.869775261427   -2.012194283807   2.309631793178   9.372989440603
10.200000000000   15.000000000000   1.750000000000   3.046279835657   100.000000000000   0.872788875642   -2.047949736249   2.348805442490   9.459294528122
10.250000000000   15.000000000000   1.750000000000   3.046279835657   100.000000000000   0.875783238696   -2.083961808423   2.388283773869   9.545713423730
10.300000000000   15.000000000000   1.750000000000   3.046279835657   100.000000000000   0.878758535099   -2.120087960138   2.428035948092   9.632183288536
10.350000000000   15.000000000000   1.750000000000   3.046279835657   100.000000000000   0.881715335588   -2.156771580119   2.467916188276   9.718629367643
10.400000000000   15.000000000000   1.750000000000   3.046279835657   100.000000000000   0.884653718262   -2.193173702477   2.507902535035   9.805106529166
10.450000000000   15.000000000000   1.750000000000   3.046279835657   100.000000000000   0.887573129190   -2.230296055583   2.548141506197   9.891725017958
10.500000000000   15.000000000000   1.750000000000   3.046279835657   100.000000000000   0.890473370368   -2.267582478943   2.588692598505   9.978474683270
10.550000000000   15.000000000000   1.750000000000   3.046279835657   100.000000000000   0.893414403769   -2.304755353602   2.629414399869   10.065259702181
10.600000000000   15.000000000000   1.750000000000   3.046279835657   100.000000000000   0.896364301231   -2.342726984295   2.670207583758   10.152094929420
10.650000000000   15.000000000000   1.750000000000   3.046279835657   100.000000000000   0.899295641423   -2.380603379053   2.711185749335   10.239112028383
10.700000000000   15.000000000000   1.750000000000   3.046279835657   100.000000000000   0.902207973232   -2.418550909001   2.752469027681   10.326356534044
10.750000000000   15.000000000000   1.750000000000   3.046279835657   100.000000000000   0.905101883013   -2.457377994867   2.793956990514   10.413723095078
10.800000000000   15.000000000000   1.750000000000   3.046279835657   100.000000000000   0.907978340075   -2.496057215356   2.835477273374   10.501146036989
10.850000000000   15.000000000000   1.750000000000   3.046279835657   100.000000000000   0.910837464111   -2.534643954116   2.877051919484   10.588717239339
10.900000000000   15.000000000000   1.750000000000   3.046279835657   100.000000000000   0.913678879480   -2.573831309140   2.918821353023   10.676529293203
10.950000000000   15.000000000000   1.750000000000   3.046279835657   100.000000000000   0.916502990694   -2.613314602532   2.960777770435   10.764521624205
11.000000000000   15.000000000000   1.750000000000   3.046279835657   100.000000000000   0.919310986890   -2.652709685409   3.002753852428   10.852583353216
11.050000000000   15.000000000000   1.750000000000   3.046279835657   100.000000000000   0.922103549281   -2.691989079339   3.044673728654   10.940734804894
11.100000000000   15.000000000000   1.750000000000   3.046279835657   100.000000000000   0.924880448913   -2.731872526939   3.086638667015   11.029083424908
11.150000000000   15.000000000000   1.750000000000   3.046279835657   100.000000000000   0.927641657226   -2.771898897134   3.128722611114   11.117650270904
11.200000000000   15.000000000000   1.750000000000   3.046279835657   100.000000000000   0.930388015550   -2.811894494896   3.170840124516   11.206346681921
11.250000000000   15.000000000000   1.750000000000   3.046279835657   100.000000000000   0.933120504329   -2.851787910508   3.212871198398   11.295119452034
11.300000000000   15.000000000000   1.750000000000   3.046279835657   100.000000000000   0.935839433436   -2.891814079704   3.254813456655   11.384024340949
11.350000000000   15.000000000000   1.750000000000   3.046279835657   100.000000000000   0.938544724659   -2.932246551616   3.296742088851   11.473131119979
11.400000000000   15.000000000000   1.750000000000   3.046279835657   100.000000000000   0.941236704130   -2.972656772168   3.338669411846   11.562424799927
11.450000000000   15.000000000000   1.750000000000   3.046279835657   100.000000000000   0.943916236361   -3.012992329328   3.380512793620   11.651838180425
11.500000000000   15.000000000000   1.750000000000   3.046279835657   100.000000000000   0.946584125901   -3.053208143243   3.422194703020   11.741347262365
11.550000000000   15.000000000000   1.750000000000   3.046279835657   100.000000000000   0.949240723957   -3.093317930090   3.463716485865   11.830990670848
11.600000000000   15.000000000000   1.750000000000   3.046279835657   100.000000000000   0.951886211331   -3.133840371840   3.505115126767   11.920805298255
11.650000000000   15.000000000000   1.750000000000   3.046279835657   100.000000000000   0.954521021487   -3.174338517216   3.546387825854   12.010778068759
11.700000000000   15.000000000000   1.750000000000   3.046279835657   100.000000000000   0.957145874017   -3.214706303773   3.587474726955   12.100866932617
11.750000000000   15.000000000000   1.750000000000   3.046279835657   100.000000000000   0.959761413999   -3.254913242199   3.628326192600   12.191051100544
11.800000000000   15.000000000000   1.750000000000   3.046279835657   100.000000000000   0.962368096396   -3.294952159175   3.668922150500   12.281343834214
11.850000000000   15.000000000000   1.750000000000   3.046279835657   100.000000000000   0.964992099765   -3.334835042373   3.709272729884   12.371765176116
11.900000000000   15.000000000000   1.750000000000   3.046279835657   100.000000000000   0.967665195588   -3.374570913938   3.749390285631   12.462316846676
11.950000000000   15.000000000000   1.750000000000   3.046279835657   100.000000000000   0.970330405758   -3.414555060240   3.789244263060   12.552977645782
12.000100000000   15.000000000000   1.750000000000   3.046279835657   100.000000000000   0.972993806814   -3.454401734862   3.828821498484   12.643897997477
12.000200000000   15.000000000000   1.750000000000   3.046279835657   100.000000000000   0.972999116027   -3.454481013684   3.828900124064   12.644079542696
12.050744674988   15.000000000000   1.750000000000   3.046279835657   100.000000000000   0.975678984367   -3.494450672336   3.868496262638   12.735885835821
12.101730727853   15.000000000000   1.750000000000   3.046279835657   100.000000000000   0.978375187747   -3.534550279972   3.908122519127   12.828585729797
12.153131801947   15.000000000000   1.750000000000   3.046279835657   100.000000000000   0.981086578690   -3.574735087449   3.947722939341   12.922127902001
12.204960495970   15.000000000000   1.750000000000   3.046279835657   100.000000000000   0.983814029357   -3.614992038379   3.987278000088   13.016520147096
12.257237724036   15.000000000000   1.750000000000   3.046279835657   100.000000000000   0.986558806399   -3.655315004756   4.026778270450   13.111775747901
12.309988667029   15.000000000000   1.750000000000   3.046279835657   100.000000000000   0.989322350025   -3.695705546548   4.066225928725   13.207913339265
12.363240717601   15.000000000000   1.750000000000   3.046279835657   100.000000000000   0.992106036565   -3.736183827136   4.105655584412   13.304947371914
12.416821298524   15.000000000000   1.750000000000   3.046279835657   100.000000000000   0.994900674808   -3.777005167825   4.145022425058   13.402797704456
12.470783089537   15.000000000000   1.750000000000   3.046279835657   100.000000000000   0.997708562478   -3.818021639883   4.184438307054   13.501389741227
12.525100456624   15.000000000000   1.750000000000   3.046279835657   100.000000000000   1.000528578236   -3.859126120048   4.223881103838   13.600722382409
12.579729537031   15.000000000000   1.750000000000   3.046279835657   100.000000000000   1.003358563238   -3.900311382522   4.263335133250   13.700775725943
12.634545616657   15.000000000000   1.750000000000   3.046279835657   100.000000000000   1.006192342503   -3.941537340389   4.302732460920   13.801480417285
12.689728551701   15.000000000000   1.750000000000   3.046279835657   100.000000000000   1.009039684359   -3.982800162251   4.342094844638   13.902922572104
12.745431770900   15.000000000000   1.750000000000   3.046279835657   100.000000000000   1.011908376890   -4.024161164072   4.381500818532   14.005248421279
12.801548662240   15.000000000000   1.750000000000   3.046279835657   100.000000000000   1.014792678422   -4.065593165653   4.420931584541   14.108313857763
12.858052918890   15.000000000000   1.750000000000   3.046279835657   100.000000000000   1.017690777301   -4.107130645933   4.460450493530   14.212059257879
12.914907176299   15.000000000000   1.750000000000   3.046279835657   100.000000000000   1.020600149624   -4.148811926157   4.500131154292   14.316389256916
12.972079055679   15.000000000000   1.750000000000   3.046279835657   100.000000000000   1.023518616355   -4.190670695700   4.540034718241   14.421213822361
13.029549651074   15.000000000000   1.750000000000   3.046279835657   100.000000000000   1.026444951818   -4.232725551214   4.580191565322   14.526471839082
13.087316017330   15.000000000000   1.750000000000   3.046279835657   100.000000000000   1.029379048943   -4.274977577286   4.620599152376   14.632139762873
13.145387912784   15.000000000000   1.750000000000   3.046279835657   100.000000000000   1.032395185599   -4.317441693090   4.661233371166   14.738223345660
13.203787360788   15.000000000000   1.750000000000   3.046279835657   100.000000000000   1.035436930852   -4.360269378854   4.702057174333   14.844750107791
13.262604911170   15.000000000000   1.750000000000   3.046279835657   100.000000000000   1.038494733872   -4.403189390286   4.742934669649   14.951892432801
13.322512992063   15.000000000000   1.750000000000   3.046279835657   100.000000000000   1.041611832167   -4.445697717819   4.782822365267   15.061168266305
13.382696569524   15.000000000000   1.750000000000   3.046279835657   100.000000000000   1.044737445478   -4.488235221177   4.822791336270   15.170785279141
13.442952728718   15.000000000000   1.750000000000   3.046279835657   100.000000000000   1.047858689533   -4.531073914243   4.863292185216   15.280445529809
13.503152036967   15.000000000000   1.750000000000   3.046279835657   100.000000000000   1.050969033952   -4.574205660063   4.904324015306   15.390021297814
13.563150761554   15.000000000000   1.750000000000   3.046279835657   100.000000000000   1.054060965027   -4.617659049959   4.945948633247   15.499350726566
13.622801687988   15.000000000000   1.750000000000   3.046279835657   100.000000000000   1.057127016432   -4.661453947671   4.988215435978   15.608282085750
13.682161470639   15.000000000000   1.750000000000   3.046279835657   100.000000000000   1.060171482063   -4.705517234890   5.030985937128   15.716972901462
13.741538381731   15.000000000000   1.750000000000   3.046279835657   100.000000000000   1.063212240365   -4.749708706697   5.073968916386   15.825892714476
13.800811206486   15.000000000000   1.750000000000   3.046279835657   100.000000000000   1.066242945754   -4.794051444425   5.117222290816   15.934913935751
13.860110381742   15.000000000000   1.750000000000   3.046279835657   100.000000000000   1.069271505137   -4.838463131509   5.160593688138   16.044278817510
13.919655779632   15.000000000000   1.750000000000   3.046279835657   100.000000000000   1.072310701568   -4.882826590911   5.203865515658   16.154361979603
13.979483662392   15.000000000000   1.750000000000   3.046279835657   100.000000000000   1.075362766129   -4.927104678743   5.246987104099   16.265244567954
14.039633303136   15.000000000000   1.750000000000   3.046279835657   100.000000000000   1.078430417222   -4.971233664728   5.289867197108   16.377061939807
14.100129915186   15.000000000000   1.750000000000   3.046279835657   100.000000000000   1.081516017602   -5.015117741348   5.332368635294   16.489994277350
14.160987528948   15.000000000000   1.750000000000   3.046279835657   100.000000000000   1.084621932653   -5.058610599962   5.374286894839   16.604285897431
14.222287688013   15.000000000000   1.750000000000   3.046279835657   100.000000000000   1.087755683965   -5.101415302565   5.415199583375   16.720447815989
14.284337190473   15.000000000000   1.750000000000   3.046279835657   100.000000000000   1.090939409623   -5.142907229732   5.454170177836   16.839608187737
14.347380242803   15.000000000000   1.750000000000   3.046279835657   100.000000000000   1.094192668957   -5.182240815857   5.489918489638   16.962942356937
14.411262246586   15.000000000000   1.750000000000   3.046279835657   100.000000000000   1.097510113855   -5.218777822235   5.521457449703   17.090696066955
14.477620459379   15.000000000000   1.750000000000   3.046279835657   100.000000000000   1.101002760824   -5.249752075756   5.544150961086   17.226970247044
14.549993284090   15.000000000000   1.750000000000   3.046279835657   100.000000000000   1.104971123671   -5.266636743692   5.543958705502   17.380810067374
14.622827414106   15.000000000000   1.750000000000   3.046279835657   100.000000000000   1.109133538029   -5.246948882337   5.486737245695   17.547627054822
14.656539368565   15.000000000000   1.750000000000   3.046279835657   100.000000000000   1.111310600740   -5.189004383432   5.380844941964   17.642901856773
14.662495790473   15.000000000000   1.750000000000   3.046279835657   100.000000000000   1.111943081591   -5.133681628879   5.287261856319   17.677431211509
14.658493132215   15.000000000000   1.750000000000   3.046279835657   100.000000000000   1.112031254197   -5.079061574292   5.197131610557   17.690637088146
14.648626006657   15.000000000000   1.750000000000   3.046279835657   100.000000000000   1.111805898565   -5.024518927829   5.108254097569   17.691562276024
14.634754109718   15.000000000000   1.750000000000   3.046279835657   100.000000000000   1.111369183561   -4.970202568313   5.020426400643   17.684083983282
14.617958836104   15.000000000000   1.750000000000   3.046279835657   100.000000000000   1.110780361703   -4.916191860817   4.933565670985   17.670419334202
14.598935761006   15.000000000000   1.750000000000   3.046279835657   100.000000000000   1.110077560881   -4.862515273245   4.847610342088   17.651975321331
14.578165623716   15.000000000000   1.750000000000   3.046279835657   100.000000000000   1.109287157976   -4.809176951581   4.762509548535   17.629709059420
14.555994566235   15.000000000000   1.750000000000   3.046279835657   100.000000000000   1.108462970778   -4.756169248184   4.678224214476   17.604298802126
14.532683571154   15.000000000000   1.750000000000   3.046279835657   100.000000000000   1.107591800965   -4.703479727954   4.594723771136   17.576245590270
14.508434693952   15.000000000000   1.750000000000   3.046279835657   100.000000000000   1.106678553327   -4.651095117028   4.511983457748   17.545930346197
14.483402776345   15.000000000000   1.750000000000   3.046279835657   100.000000000000   1.105731569600   -4.599001718206   4.429989804357   17.513634491885
14.457702881976   15.000000000000   1.750000000000   3.046279835657   100.000000000000   1.104757035392   -4.547186845402   4.348740368407   17.479559410811
14.431416375990   15.000000000000   1.750000000000   3.046279835657   100.000000000000   1.103759288206   -4.495639717520   4.268242986771   17.443840808674
14.404602790980   15.000000000000   1.750000000000   3.046279835657   100.000000000000   1.102741442487   -4.444351276751   4.188514135303   17.406566303784
14.377306164910   15.000000000000   1.750000000000   3.046279835657   100.000000000000   1.101705715195   -4.393314977263   4.109575096129   17.367795093083
14.349575885374   15.000000000000   1.750000000000   3.046279835657   100.000000000000   1.100654559236   -4.342525373514   4.031447673937   17.327583919918
14.321475117961   15.000000000000   1.750000000000   3.046279835657   100.000000000000   1.099591135877   -4.291977597128   3.954151006156   17.286005862758
14.293088411039   15.000000000000   1.750000000000   3.046279835657   100.000000000000   1.098519757485   -4.241666509609   3.877698919823   17.243164408214
14.264518742870   15.000000000000   1.750000000000   3.046279835657   100.000000000000   1.097445764635   -4.191586190878   3.802099417251   17.199194532176
14.235869676311   15.000000000000   1.750000000000   3.046279835657   100.000000000000   1.096374575935   -4.141730637191   3.727357167066   17.154244750973
14.207220839291   15.000000000000   1.750000000000   3.046279835657   100.000000000000   1.095310337849   -4.092138917669   3.653476609846   17.108449498162
14.178623426746   15.000000000000   1.750000000000   3.046279835657   100.000000000000   1.094255649069   -4.042913817140   3.580459503769   17.061928498920
14.150139436774   15.000000000000   1.750000000000   3.046279835657   100.000000000000   1.093213710364   -3.993918837736   3.508295756663   17.014839574896
14.121882611371   15.000000000000   1.750000000000   3.046279835657   100.000000000000   1.092190609248   -3.945154269917   3.436966922418   16.967413200197
14.093979906993   15.000000000000   1.750000000000   3.046279835657   100.000000000000   1.091193194368   -3.896617798143   3.366475829572   16.919868597016
14.066484862464   15.000000000000   1.750000000000   3.046279835657   100.000000000000   1.090224217192   -3.848308827162   3.296869888647   16.872283517489
14.039347146074   15.000000000000   1.750000000000   3.046279835657   100.000000000000   1.089280588333   -3.800231348681   3.228224144506   16.824576738735
14.012447781844   15.000000000000   1.750000000000   3.046279835657   100.000000000000   1.088355326551   -3.752392943409   3.160603568545   16.776589536265
13.985658662560   15.000000000000   1.750000000000   3.046279835657   100.000000000000   1.087440906429   -3.704801882940   3.094031211551   16.728187949801
13.958898068214   15.000000000000   1.750000000000   3.046279835657   100.000000000000   1.086532406161   -3.657464582372   3.028474719022   16.679343221595
13.932157091628   15.000000000000   1.750000000000   3.046279835657   100.000000000000   1.085629005088   -3.610385407838   2.963858485031   16.630154285672
13.905461807705   15.000000000000   1.750000000000   3.046279835657   100.000000000000   1.084731740906   -3.563572111945   2.900108906163   16.580760526705
13.878786935319   15.000000000000   1.750000000000   3.046279835657   100.000000000000   1.083838334768   -3.517075415335   2.837216668606   16.531181517697
13.851999384766   15.000000000000   1.750000000000   3.046279835657   100.000000000000   1.082939604800   -3.471291507773   2.775280570132   16.481216685393
13.824887555976   15.000000000000   1.750000000000   3.046279835657   100.000000000000   1.082020899161   -3.425964833807   2.714510609046   16.430486894974
13.797248612905   15.000000000000   1.750000000000   3.046279835657   100.000000000000   1.081067300945   -3.381192865864   2.655187194359   16.378566973477
13.768956823065   15.000000000000   1.750000000000   3.046279835657   100.000000000000   1.080068383202   -3.337046631471   2.597583407181   16.325095011709
13.739968141383   15.000000000000   1.750000000000   3.046279835657   100.000000000000   1.079019621403   -3.293523904439   2.541871098692   16.269800864269
13.710281503462   15.000000000000   1.750000000000   3.046279835657   100.000000000000   1.077920854601   -3.250524800919   2.488051891661   16.212491889374
13.679912960223   15.000000000000   1.750000000000   3.046279835657   100.000000000000   1.076774447388   -3.208068532383   2.435958421830   16.153079437592
13.648932656924   15.000000000000   1.750000000000   3.046279835657   100.000000000000   1.075586310433   -3.166101979846   2.385324945527   16.091699717125
13.617541508023   15.000000000000   1.750000000000   3.046279835657   100.000000000000   1.074369284115   -3.124266070073   2.335879151176   16.028864664180
13.586129619609   15.000000000000   1.750000000000   3.046279835657   100.000000000000   1.073145921359   -3.082606986877   2.287426967949   15.965521990121
13.555274116873   15.000000000000   1.750000000000   3.046279835657   100.000000000000   1.071948011752   -3.041309332671   2.239931559306   15.902936592774
13.525659850779   15.000000000000   1.750000000000   3.046279835657   100.000000000000   1.070812272844   -3.000686508470   2.193525800347   15.842403823170
13.497916581327   15.000000000000   1.750000000000   3.046279835657   100.000000000000   1.069772796688   -2.961499603814   2.148370263185   15.784876342960
13.472445735645   15.000000000000   1.750000000000   3.046279835657   100.000000000000   1.068853611283   -2.923111425679   2.104416820153   15.730721306219
13.449400667203   15.000000000000   1.750000000000   3.046279835657   100.000000000000   1.068067961118   -2.885204853193   2.061326016789   15.679870250364
13.428844515711   15.000000000000   1.750000000000   3.046279835657   100.000000000000   1.067424630131   -2.847440067140   2.018686166407   15.632316939456
13.410849268972   15.000000000000   1.750000000000   3.046279835657   100.000000000000   1.066930070812   -2.810303040201   1.976394210685   15.588446314383
13.395343551606   15.000000000000   1.750000000000   3.046279835657   100.000000000000   1.066577653506   -2.774011483788   1.934946982825   15.548664075115
13.381761948054   15.000000000000   1.750000000000   3.046279835657   100.000000000000   1.066328688771   -2.738862176627   1.895242639690   15.512297053098
13.368912105473   15.000000000000   1.750000000000   3.046279835657   100.000000000000   1.066110351718   -2.704856624197   1.857743555803   15.476992188685
13.355285885043   15.000000000000   1.750000000000   3.046279835657   100.000000000000   1.065836937653   -2.672106324391   1.822037709379   15.439563842118
13.339490603130   15.000000000000   1.750000000000   3.046279835657   100.000000000000   1.065430475164   -2.638970890561   1.787390714650   15.397322707499
13.320667156558   15.000000000000   1.750000000000   3.046279835657   100.000000000000   1.064839551669   -2.605101473900   1.753463202757   15.349188820777
13.298925352981   15.000000000000   1.750000000000   3.046279835657   100.000000000000   1.064065941253   -2.571326598736   1.720559231096   15.296258182302
13.275200514256   15.000000000000   1.750000000000   3.046279835657   100.000000000000   1.063160768081   -2.538608220355   1.689239928427   15.240706351467
13.250420706082   15.000000000000   1.750000000000   3.046279835657   100.000000000000   1.062176906347   -2.506679210003   1.659661761036   15.183777115487
13.224904603968   15.000000000000   1.750000000000   3.046279835657   100.000000000000   1.061133555825   -2.475122682084   1.631393817883   15.125198282583
13.198534527336   15.000000000000   1.750000000000   3.046279835657   100.000000000000   1.060025124016   -2.444204798739   1.603843753123   15.064245905529
13.171214754749   15.000000000000   1.750000000000   3.046279835657   100.000000000000   1.058845962907   -2.412799054652   1.576778978015   15.000960990721
13.143173750429   15.000000000000   1.750000000000   3.046279835657   100.000000000000   1.057620515337   -2.381195304587   1.550537158142   14.936532208585
13.114909252315   15.000000000000   1.750000000000   3.046279835657   100.000000000000   1.056382110986   -2.350723924728   1.525667956120   14.872375891684
13.086815744181   15.000000000000   1.750000000000   3.046279835657   100.000000000000   1.055140871558   -2.321266945172   1.502223971011   14.808889063970
13.059226119903   15.000000000000   1.750000000000   3.046279835657   100.000000000000   1.053915582466   -2.292182315309   1.479474057255   14.745988465182
13.033878510392   15.000000000000   1.750000000000   3.046279835657   100.000000000000   1.052810711683   -2.263612166408   1.455970889868   14.686384007519
13.009501586757   15.000000000000   1.750000000000   3.046279835657   100.000000000000   1.051747268190   -2.235467343878   1.431985787264   14.628144775640
12.983622619468   15.000000000000   1.750000000000   3.046279835657   100.000000000000   1.050576133442   -2.207116151219   1.408862151626   14.567819836986
12.957783174778   15.000000000000   1.750000000000   3.046279835657   100.000000000000   1.049394078492   -2.179783212628   1.386850437518   14.508481240060
12.932505981162   15.000000000000   1.750000000000   3.046279835657   100.000000000000   1.048235526898   -2.153694545541   1.365730908334   14.450363293886
12.907532562941   15.000000000000   1.750000000000   3.046279835657   100.000000000000   1.047083015626   -2.127635347844   1.344908758749   14.392256242145
12.882511324222   15.000000000000   1.750000000000   3.046279835657   100.000000000000   1.045910328978   -2.101536254170   1.323884332546   14.333529291506
12.857775588488   15.000000000000   1.750000000000   3.046279835657   100.000000000000   1.044736000082   -2.076076472746   1.302653905521   14.275533486316
12.834005080421   15.000000000000   1.750000000000   3.046279835657   100.000000000000   1.043608458663   -2.050965136276   1.281845406511   14.220000859269
12.811152807525   15.000000000000   1.750000000000   3.046279835657   100.000000000000   1.042531723858   -2.026882324416   1.261913500852   14.166500429209
12.788732833402   15.000000000000   1.750000000000   3.046279835657   100.000000000000   1.041475503847   -2.003595466471   1.242490047383   14.113428764466
12.766036669211   15.000000000000   1.750000000000   3.046279835657   100.000000000000   1.040389963893   -1.979893351976   1.223146419374   14.059242826222
12.742911286340   15.000000000000   1.750000000000   3.046279835657   100.000000000000   1.039259912287   -1.956365637875   1.203866420062   14.004239781619
12.720015389691   15.000000000000   1.750000000000   3.046279835657   100.000000000000   1.038129210285   -1.933507689742   1.184962295610   13.950384636009
12.697906379338   15.000000000000   1.750000000000   3.046279835657   100.000000000000   1.037041359163   -1.911047844175   1.166648577276   13.898640572743
12.676336122946   15.000000000000   1.750000000000   3.046279835657   100.000000000000   1.035985048006   -1.889711117753   1.148782678753   13.847807827375
12.654624548513   15.000000000000   1.750000000000   3.046279835657   100.000000000000   1.034912685736   -1.868409063446   1.131034666161   13.796225233505
12.632285098157   15.000000000000   1.750000000000   3.046279835657   100.000000000000   1.033784410666   -1.846598170006   1.113305712676   13.743482081756
12.609580153030   15.000000000000   1.750000000000   3.046279835657   100.000000000000   1.032615526709   -1.825859040848   1.095884119101   13.690863235432
12.587184196375   15.000000000000   1.750000000000   3.046279835657   100.000000000000   1.031458426405   -1.805487268068   1.079040381948   13.639631294450
12.565131285605   15.000000000000   1.750000000000   3.046279835657   100.000000000000   1.030322875470   -1.785372549684   1.062693927074   13.589198097559
12.542865881888   15.000000000000   1.750000000000   3.046279835657   100.000000000000   1.029170263618   -1.766216246864   1.046568049531   13.538130661443
12.519933148306   15.000000000000   1.750000000000   3.046279835657   100.000000000000   1.027961527896   -1.746649023001   1.030543363215   13.485885126336
12.496495627702   15.000000000000   1.750000000000   3.046279835657   100.000000000000   1.026702755301   -1.727185768581   1.014782712916   13.433408002430
12.473034946565   15.000000000000   1.750000000000   3.046279835657   100.000000000000   1.025432119538   -1.708818378689   0.999510878547   13.381805266864
12.449597894490   15.000000000000   1.750000000000   3.046279835657   100.000000000000   1.024161599228   -1.690564179246   0.984760434630   13.330813107687
12.425876097981   15.000000000000   1.750000000000   3.046279835657   100.000000000000   1.022871989507   -1.672808400548   0.970380793593   13.279438059311
12.401728084123   15.000000000000   1.750000000000   3.046279835657   100.000000000000   1.021547183158   -1.655503961531   0.956214376922   13.227303170141
12.377297994988   15.000000000000   1.750000000000   3.046279835657   100.000000000000   1.020190080320   -1.637842296513   0.942252164998   13.174943461974
12.352866876822   15.000000000000   1.750000000000   3.046279835657   100.000000000000   1.018820808341   -1.620718832596   0.928646453896   13.123218863814
12.328586980585   15.000000000000   1.750000000000   3.046279835657   100.000000000000   1.017457532350   -1.604318366555   0.915521395044   13.072368796817
12.304328576275   15.000000000000   1.750000000000   3.046279835657   100.000000000000   1.016098609460   -1.587884114038   0.902822150082   13.021850606910
12.279869510468   15.000000000000   1.750000000000   3.046279835657   100.000000000000   1.014729541984   -1.572040092623   0.890390414117   12.971087505332
12.255297742306   15.000000000000   1.750000000000   3.046279835657   100.000000000000   1.013343178649   -1.556403981320   0.878152559738   12.920114455005
12.230830685039   15.000000000000   1.750000000000   3.046279835657   100.000000000000   1.011951053989   -1.540434704448   0.866149479449   12.869559641516
12.206707737788   15.000000000000   1.750000000000   3.046279835657   100.000000000000   1.010573948304   -1.525112740657   0.854498184351   12.819998393940
12.183018960191   15.000000000000   1.750000000000   3.046279835657   100.000000000000   1.009221587860   -1.510299924193   0.843265748053   12.771344121287
12.159354270374   15.000000000000   1.750000000000   3.046279835657   100.000000000000   1.007889272395   -1.495247965832   0.832267049955   12.722977165704
12.135726203381   15.000000000000   1.750000000000   3.046279835657   100.000000000000   1.006562672592   -1.480720513495   0.821454993302   12.674614368942
12.112243988231   15.000000000000   1.750000000000   3.046279835657   100.000000000000   1.005235455639   -1.466258705253   0.810787061726   12.626356979995
12.089120237967   15.000000000000   1.750000000000   3.046279835657   100.000000000000   1.003923448000   -1.451408792250   0.800324625728   12.578839050762
12.066536476031   15.000000000000   1.750000000000   3.046279835657   100.000000000000   1.002646610998   -1.437275078865   0.790173019579   12.532454337263
12.044485343434   15.000000000000   1.750000000000   3.046279835657   100.000000000000   1.001412037788   -1.423441446660   0.780338103050   12.486971239630
12.022801798016   15.000000000000   1.750000000000   3.046279835657   100.000000000000   1.000207316884   -1.409259548527   0.770729909555   12.441847433475
12.001378079219   15.000000000000   1.750000000000   3.046279835657   100.000000000000   0.999015960394   -1.395680447858   0.761254247557   12.396817671031
11.980263722083   15.000000000000   1.750000000000   3.046279835657   100.000000000000   0.997837137394   -1.381941243835   0.751891654070   12.352174090652
11.959667180771   15.000000000000   1.750000000000   3.046279835657   100.000000000000   0.996688168751   -1.367783293810   0.742724070276   12.308481836558
11.939700202296   15.000000000000   1.750000000000   3.046279835657   100.000000000000   0.995590264039   -1.354587239220   0.733791351112   12.265900230901
11.920281959700   15.000000000000   1.750000000000   3.046279835657   100.000000000000   0.994547094506   -1.341224157707   0.725042344550   12.224058899946
11.901277766798   15.000000000000   1.750000000000   3.046279835657   100.000000000000   0.993535681478   -1.327448768119   0.716426048013   12.182436051484
11.882627445627   15.000000000000   1.750000000000   3.046279835657   100.000000000000   0.992542761348   -1.314460186811   0.707895685987   12.141072261750
11.864491406618   15.000000000000   1.750000000000   3.046279835657   100.000000000000   0.991576479106   -1.300973931941   0.699515144428   12.100513249101
11.847059601067   15.000000000000   1.750000000000   3.046279835657   100.000000000000   0.990658291366   -1.287613322944   0.691366359678   12.061114469245
11.830313105785   15.000000000000   1.750000000000   3.046279835657   100.000000000000   0.989795803197   -1.274905078183   0.683437703299   12.022555237355
11.814088423904   15.000000000000   1.750000000000   3.046279835657   100.000000000000   0.988975118881   -1.261622911529   0.675640522995   11.984296323100
11.798307552133   15.000000000000   1.750000000000   3.046279835657   100.000000000000   0.988187171855   -1.248741212290   0.667885998298   11.946379348160
11.783071047468   15.000000000000   1.750000000000   3.046279835657   100.000000000000   0.987424096805   -1.235774276258   0.660241486076   11.909129763189
11.768553091739   15.000000000000   1.750000000000   3.046279835657   100.000000000000   0.986706361546   -1.222383847476   0.652781621437   11.872971479634
11.754776204806   15.000000000000   1.750000000000   3.046279835657   100.000000000000   0.986050080634   -1.210087238005   0.645498640361   11.837742842580
11.741622069821   15.000000000000   1.750000000000   3.046279835657   100.000000000000   0.985446054889   -1.197165336348   0.638320814719   11.802944824436
11.729038650207   15.000000000000   1.750000000000   3.046279835657   100.000000000000   0.984880013063   -1.184371549610   0.631189257613   11.768551061561
11.717167103308   15.000000000000   1.750000000000   3.046279835657   100.000000000000   0.984367691180   -1.171728728888   0.624096294658   11.735374221844
11.706128271369   15.000000000000   1.750000000000   3.046279835657   100.000000000000   0.983908978635   -1.158582033972   0.617179055079   11.703486609941
11.695885965373   15.000000000000   1.750000000000   3.046279835657   100.000000000000   0.983514441512   -1.146569655535   0.610417240803   11.672548704879
11.686359577906   15.000000000000   1.750000000000   3.046279835657   100.000000000000   0.983177565450   -1.133826308563   0.603734926751   11.642177712443
11.677576992674   15.000000000000   1.750000000000   3.046279835657   100.000000000000   0.982887264815   -1.121447894230   0.597101429576   11.612560128944
11.669655833219   15.000000000000   1.750000000000   3.046279835657   100.000000000000   0.982644613648   -1.109022504431   0.590572520106   11.584195072670
11.662700043459   15.000000000000   1.750000000000   3.046279835657   100.000000000000   0.982473275927   -1.096468908470   0.584187919736   11.557472913389
11.656603925683   15.000000000000   1.750000000000   3.046279835657   100.000000000000   0.982367855363   -1.084602248059   0.577922204970   11.531712665615
11.651361900065   15.000000000000   1.750000000000   3.046279835657   100.000000000000   0.982324482766   -1.071900500665   0.571714837965   11.506901183795
11.647043960326   15.000000000000   1.750000000000   3.046279835657   100.000000000000   0.982334134083   -1.060325614996   0.565583195090   11.483460703714
11.643722088903   15.000000000000   1.750000000000   3.046279835657   100.000000000000   0.982401511972   -1.048072142156   0.559581936154   11.461758826641
11.641365041372   15.000000000000   1.750000000000   3.046279835657   100.000000000000   0.982532728371   -1.036468549583   0.553713474059   11.441498633843
11.639945891134   15.000000000000   1.750000000000   3.046279835657   100.000000000000   0.982726585913   -1.024650008710   0.547933835343   11.422456685247
11.639473649052   15.000000000000   1.750000000000   3.046279835657   100.000000000000   0.982970278080   -1.013031271979   0.542238217479   11.404837210242
11.639959640407   15.000000000000   1.750000000000   3.046279835657   100.000000000000   0.983256457802   -1.001611576422   0.536662715902   11.388940175470
11.641391295441   15.000000000000   1.750000000000   3.046279835657   100.000000000000   0.983589609037   -0.990026412347   0.531217908250   11.374697941026
11.643755001445   15.000000000000   1.750000000000   3.046279835657   100.000000000000   0.983971481456   -0.979060742540   0.525878948286   11.361904605572
11.647027737866   15.000000000000   1.750000000000   3.046279835657   100.000000000000   0.984390170629   -0.967604711953   0.520636043608   11.350585399765
11.651172983685   15.000000000000   1.750000000000   3.046279835657   100.000000000000   0.984832449240   -0.957001034723   0.515502110129   11.340860630639
11.656150959071   15.000000000000   1.750000000000   3.046279835657   100.000000000000   0.985295606039   -0.945574472157   0.510478355003   11.332633574031
11.661945170125   15.000000000000   1.750000000000   3.046279835657   100.000000000000   0.985780069987   -0.935282038574   0.505547746964   11.325706927265
11.668540690334   15.000000000000   1.750000000000   3.046279835657   100.000000000000   0.986277460764   -0.924124004463   0.500698172123   11.319989640250
11.675894309412   15.000000000000   1.750000000000   3.046279835657   100.000000000000   0.986777854637   -0.913917281889   0.495942614939   11.315673575910
11.683960340057   15.000000000000   1.750000000000   3.046279835657   100.000000000000   0.987275680475   -0.903046586091   0.491279294515   11.312676685026
11.692721047846   15.000000000000   1.750000000000   3.046279835657   100.000000000000   0.987772464605   -0.892808668061   0.486701760098   11.311058046131
11.702182942291   15.000000000000   1.750000000000   3.046279835657   100.000000000000   0.988257624062   -0.882102060374   0.482172958473   11.310283538013
11.712337623500   15.000000000000   1.750000000000   3.046279835657   100.000000000000   0.988724261828   -0.871775250671   0.477688174875   11.310403861420
11.723181127356   15.000000000000   1.750000000000   3.046279835657   100.000000000000   0.989167790761   -0.861021067544   0.473240401920   11.311362356597
11.734722769455   15.000000000000   1.750000000000   3.046279835657   100.000000000000   0.989585082325   -0.850411020756   0.468820163757   11.313029129811
11.746875383265   15.000000000000   1.750000000000   3.046279835657   100.000000000000   0.989970979444   -0.839614955360   0.464455332051   11.315708864001
11.759660844655   15.000000000000   1.750000000000   3.046279835657   100.000000000000   0.990318276324   -0.829012856167   0.460128502053   11.319137578414
11.773176644844   15.000000000000   1.750000000000   3.046279835657   100.000000000000   0.990623250152   -0.817975860337   0.455807058709   11.322946642767
11.787203501471   15.000000000000   1.750000000000   3.046279835657   100.000000000000   0.990879901560   -0.807220815306   0.451542145359   11.328226043818
11.801746697788   15.000000000000   1.750000000000   3.046279835657   100.000000000000   0.991081125466   -0.796196929643   0.447337570843   11.333848645467
11.816984740532   15.000000000000   1.750000000000   3.046279835657   100.000000000000   0.991225892024   -0.785378870009   0.443142259873   11.339876268265
11.832722536663   15.000000000000   1.750000000000   3.046279835657   100.000000000000   0.991330990496   -0.774124904872   0.439001173175   11.346635409487
11.849065275960   15.000000000000   1.750000000000   3.046279835657   100.000000000000   0.991456127083   -0.763254231398   0.434893150805   11.353820974982
11.866162984201   15.000000000000   1.750000000000   3.046279835657   100.000000000000   0.991522819929   -0.751698575254   0.430792437245   11.361257033615
11.884005662647   15.000000000000   1.750000000000   3.046279835657   100.000000000000   0.991536813234   -0.740694692466   0.426713506132   11.368831293954
11.902727520448   15.000000000000   1.750000000000   3.046279835657   100.000000000000   0.991498469438   -0.728759933237   0.422625226034   11.376926954270
11.922035180396   15.000000000000   1.750000000000   3.046279835657   100.000000000000   0.991423538617   -0.717811136477   0.418595607556   11.385404739921
11.941890003244   15.000000000000   1.750000000000   3.046279835657   100.000000000000   0.991325344402   -0.706329519093   0.414618598093   11.394482335249
11.962704916995   15.000000000000   1.750000000000   3.046279835657   100.000000000000   0.991180287311   -0.695294969011   0.410615644115   11.404312619997
11.984918755334   15.000000000000   1.750000000000   3.046279835657   100.000000000000   0.990886534167   -0.683221121750   0.406534429122   11.415256364386
12.008093235925   15.000000000000   1.750000000000   3.046279835657   100.000000000000   0.990459128126   -0.671059732035   0.402495480508   11.426408408457
12.031854293542   15.000000000000   1.750000000000   3.046279835657   100.000000000000   0.989893348443   -0.658781864545   0.398553486629   11.438206507081
12.056539486499   15.000000000000   1.750000000000   3.046279835657   100.000000000000   0.989245639532   -0.646147088417   0.394648927634   11.450380151902
12.082408798111   15.000000000000   1.750000000000   3.046279835657   100.000000000000   0.988527881473   -0.633847010456   0.390742523136   11.463009170247
12.109038262666   15.000000000000   1.750000000000   3.046279835657   100.000000000000   0.987704399697   -0.620994092276   0.386893093694   11.476365869882
12.134933166638   15.000000000000   1.750000000000   3.046279835657   100.000000000000   0.986809320318   -0.609206026713   0.383274381690   11.490355371906
12.160771100522   15.000000000000   1.750000000000   3.046279835657   100.000000000000   0.985936133733   -0.597633475231   0.379793494831   11.504363195960
12.186722484679   15.000000000000   1.750000000000   3.046279835657   100.000000000000   0.985127757388   -0.586863091276   0.376410527674   11.518351334517
12.210045276388   15.000000000000   1.750000000000   3.046279835657   100.000000000000   0.984650852373   -0.577975692459   0.373388608078   11.531118124598
12.212403592179   15.000000000000   1.750000000000   3.046279835657   100.000000000000   0.986087485433   -0.581258856382   0.372323723003   11.535706943976
12.158044053508   15.000000000000   1.750000000000   3.046279835657   100.000000000000   0.990841427989   -0.611284736142   0.377616528249   11.505473024446
12.137382635503   15.000000000000   1.750000000000   3.046279835657   100.000000000000   0.992895839042   -0.623637202829   0.379715805306   11.488936370061
12.120160595922   15.000000000000   1.750000000000   3.046279835657   100.000000000000   0.994746079556   -0.633918027936   0.381529989504   11.472700205126
12.075159972735   15.000000000000   1.750000000000   3.046279835657   100.000000000000   0.994639358105   -0.653258565225   0.389244559988   11.458062427930
12.054974180980   15.000000000000   1.750000000000   3.046279835657   100.000000000000   0.994991148251   -0.663399392855   0.392568084817   11.446485486096
12.036016969155   15.000000000000   1.750000000000   3.046279835657   100.000000000000   0.995437731890   -0.672772041869   0.395708455733   11.434507576465
12.018741882487   15.000000000000   1.750000000000   3.046279835657   100.000000000000   0.995950984259   -0.682481181626   0.398612536933   11.421963500461
12.004757223406   15.000000000000   1.750000000000   3.046279835657   100.000000000000   0.996568890237   -0.690646732107   0.400970947307   11.408299532581
11.994572389892   15.000000000000   1.750000000000   3.046279835657   100.000000000000   0.997300344374   -0.697512570087   0.402637622716   11.393466627855
11.985847461498   15.000000000000   1.750000000000   3.046279835657   100.000000000000   0.998054479306   -0.703927400739   0.404020058713   11.378438811098
11.976444909635   15.000000000000   1.750000000000   3.046279835657   100.000000000000   0.998743190950   -0.710184311325   0.405544025909   11.364171917464
11.967391290465   15.000000000000   1.750000000000   3.046279835657   100.000000000000   0.999379970367   -0.716275046479   0.407046989110   11.350728879653
11.957623285197   15.000000000000   1.750000000000   3.046279835657   100.000000000000   0.999917176859   -0.722967482964   0.408760685132   11.338679695019
11.946440698341   15.000000000000   1.750000000000   3.046279835657   100.000000000000   1.000310222913   -0.729816541457   0.410860452906   11.328648898486
11.933081545335   15.000000000000   1.750000000000   3.046279835657   100.000000000000   1.000482023996   -0.737717694864   0.413565977013   11.321624972803
11.914050832023   15.000000000000   1.750000000000   3.046279835657   100.000000000000   0.999981739301   -0.748197105253   0.417936809125   11.323878397330
11.904258624461   15.000000000000   1.750000000000   3.046279835657   100.000000000000   0.998762362073   -0.751616650671   0.420715097341   11.336551983302
11.901000125315   15.000000000000   1.750000000000   3.046279835657   100.000000000000   0.997922289852   -0.751820203955   0.421775290026   11.341993558363
11.898115034104   15.000000000000   1.750000000000   3.046279835657   100.000000000000   0.997149329795   -0.751958478199   0.422601038573   11.338745518108
11.891733502859   15.000000000000   1.750000000000   3.046279835657   100.000000000000   0.997200968752   -0.757309297362   0.423098398021   11.295980625142
11.888862891657   15.000000000000   1.750000000000   3.046279835657   100.000000000000   0.997605219417   -0.760972774626   0.423338426879   11.275193869089
