0.150000000000   15.000000000000   0.000000000000   3.046279835657   100.000000000000   0.304467359659   -0.406938184784   0.446293347752   1.488101804981
0.650000000000   15.000000000000   1.000000000000   3.046279835657   100.000000000000   0.365262772300   -0.286250427238   0.462783324876   1.299978945661
0.700000000000   15.000000000000   1.000000000000   3.046279835657   100.000000000000   0.371756548148   -0.281441293109   0.465133798808   1.302372724154
0.750000000000   15.000000000000   1.000000000000   3.046279835657   100.000000000000   0.377965436043   -0.276962968566   0.467442303685   1.305925882861
0.800000000000   15.000000000000   1.000000000000   3.046279835657   100.000000000000   0.383919607708   -0.272786371205   0.469718526862   1.310534505159
0.850000000000   15.000000000000   1.000000000000   3.046279835657   100.000000000000   0.389644293438   -0.268810631602   0.471972083963   1.316103515836
0.900000000000   15.000000000000   1.000000000000   3.046279835657   100.000000000000   0.395160871159   -0.265163063166   0.474212440558   1.322547593750
0.950000000000   15.000000000000   1.000000000000   3.046279835657   100.000000000000   0.400487676815   -0.261676113984   0.476448831706   1.329791591538
1.000000000000   15.000000000000   1.000000000000   3.046279835657   100.000000000000   0.405640614527   -0.258337020512   0.478690166578   1.337770474392
1.050000000000   15.000000000000   1.000000000000   3.046279835657   100.000000000000   0.410641177157   -0.255223970496   0.480944922887   1.346428878853
1.100000000000   15.000000000000   1.000000000000   3.046279835657   100.000000000000   0.415580335704   -0.252296074049   0.483221040712   1.355720415104
1.150000000000   15.000000000000   1.000000000000   3.046279835657   100.000000000000   0.420376758084   -0.249494700978   0.485525824148   1.365606822989
1.200000000000   15.000000000000   1.000000000000   3.046279835657   100.000000000000   0.425040950639   -0.246816407480   0.487865855951   1.376057064833
1.250000000000   15.000000000000   1.000000000000   3.046279835657   100.000000000000   0.429582380161   -0.244266765667   0.490246927293   1.387046411577
1.300000000000   15.000000000000   1.000000000000   3.046279835657   100.000000000000   0.434009626881   -0.241928730920   0.492673982486   1.398555557413
1.350000000000   15.000000000000   1.000000000000   3.046279835657   100.000000000000   0.438330508250   -0.239704179376   0.495151077160   1.410569782834
1.400000000000   15.000000000000   1.000000000000   3.046279835657   100.000000000000   0.442552180030   -0.237592143947   0.497681347902   1.423078177645
1.450000000000   15.000000000000   1.000000000000   3.046279835657   100.000000000000   0.446681219567   -0.235591890846   0.500266991295   1.436072928971
1.500000000000   15.000000000000   1.000000000000   3.046279835657   100.000000000000   0.450723694977   -0.233702705378   0.502909250555   1.449548675733
1.550000000000   15.000000000000   1.000000000000   3.046279835657   100.000000000000   0.454685223088   -0.231923719688   0.505608408427   1.463501928981
1.600000000000   15.000000000000   1.000000000000   3.046279835657   100.000000000000   0.458571018312   -0.230253774158   0.508363785540   1.477930556866
1.650000000000   15.000000000000   1.000000000000   3.046279835657   100.000000000000   0.462385934132   -0.228691306097   0.511173743675   1.492833329791
1.700000000000   15.000000000000   1.000000000000   3.046279835657   100.000000000000   0.466134498491   -0.227234261517   0.514035693882   1.508209522014
1.750000000000   15.000000000000   1.000000000000   3.046279835657   100.000000000000   0.469820944136   -0.225880026984   0.516946109585   1.524058564357
1.800000000000   15.000000000000   1.000000000000   3.046279835657   100.000000000000   0.473449234660   -0.224625378878   0.519900544798   1.540379739691
1.850000000000   15.000000000000   1.000000000000   3.046279835657   100.000000000000   0.477054013633   -0.223466448645   0.522893658043   1.557171917077
1.900000000000   15.000000000000   1.000000000000   3.046279835657   100.000000000000   0.480609846039   -0.222398702607   0.525919242549   1.574433319681
1.950000000000   15.000000000000   1.000000000000   3.046279835657   100.000000000000   0.484115508280   -0.221416936065   0.528970263630   1.592161326115
2.000000000000   15.000000000000   1.000000000000   3.046279835657   100.000000000000   0.487574116915   -0.220515281708   0.532038903951   1.610352302582
2.050000000000   15.000000000000   1.000000000000   3.046279835657   100.000000000000   0.490988595825   -0.219687231980   0.535116616822   1.629001456091
2.100000000000   15.000000000000   1.000000000000   3.046279835657   100.000000000000   0.494361687811   -0.218925673879   0.538194187099   1.648102692220
2.150000000000   15.000000000000   1.000000000000   3.046279835657   100.000000000000   0.497695964464   -0.218222935656   0.541261800144   1.667648476073
2.200000000000   15.000000000000   1.000000000000   3.046279835657   100.000000000000   0.500993834669   -0.217570847129   0.544309120557   1.687629719649
2.250000000000   15.000000000000   1.000000000000   3.046279835657   100.000000000000   0.504257552009   -0.216960813692   0.547325380871   1.708035703104
2.300000000000   15.000000000000   1.000000000000   3.046279835657   100.000000000000   0.507489221142   -0.216383901560   0.550299477879   1.728853993051
2.350000000000   15.000000000000   1.000000000000   3.046279835657   100.000000000000   0.510690803134   -0.215830931825   0.553220075118   1.750070321211
2.400000000000   15.000000000000   1.000000000000   3.046279835657   100.000000000000   0.513864119955   -0.215292583892   0.556075710606   1.771668478588
2.450000000000   15.000000000000   1.000000000000   3.046279835657   100.000000000000   0.517010859132   -0.214759512616   0.558854918861   1.793630312093
2.500000000000   15.000000000000   1.000000000000   3.046279835657   100.000000000000   0.520132577796   -0.214222469321   0.561546351682   1.815935729342
2.550000000000   15.000000000000   1.000000000000   3.046279835657   100.000000000000   0.523230706220   -0.213672425953   0.564138900335   1.838562613297
2.600000000000   15.000000000000   1.000000000000   3.046279835657   100.000000000000   0.526306551212   -0.213118909726   0.566621819611   1.861486803415
2.650000000000   15.000000000000   1.000000000000   3.046279835657   100.000000000000   0.529361300087   -0.212611205582   0.568984853773   1.884682283078
2.700000000000   15.000000000000   1.000000000000   3.046279835657   100.000000000000   0.532396024380   -0.212067828704   0.571218354388   1.908121292091
2.750000000000   15.000000000000   1.000000000000   3.046279835657   100.000000000000   0.535411682927   -0.211481013626   0.573313389123   1.931774299455
2.800000000000   15.000000000000   1.000000000000   3.046279835657   100.000000000000   0.538409125662   -0.210843794111   0.575261847949   1.955610251208
2.850000000000   15.000000000000   1.000000000000   3.046279835657   100.000000000000   0.541389097304   -0.210150094183   0.577056529404   1.979596954990
2.900000000000   15.000000000000   1.000000000000   3.046279835657   100.000000000000   0.544352240770   -0.209394812948   0.578691221113   2.003701133536
2.950000000000   15.000000000000   1.000000000000   3.046279835657   100.000000000000   0.547299100236   -0.208573891000   0.580160765185   2.027888595763
3.000000000000   15.000000000000   1.000000000000   3.046279835657   100.000000000000   0.550230124536   -0.207684335754   0.581461103833   2.052124807548
3.050000000000   15.000000000000   1.000000000000   3.046279835657   100.000000000000   0.553145670330   -0.206724245667   0.582589315016   2.076375114766
3.100000000000   15.000000000000   1.000000000000   3.046279835657   100.000000000000   0.556046004894   -0.205692835399   0.583543641631   2.100604770838
3.150000000000   15.000000000000   1.000000000000   3.046279835657   100.000000000000   0.558931308311   -0.204590396047   0.584323489820   2.124779513626
3.200000000000   15.000000000000   1.000000000000   3.046279835657   100.000000000000   0.561801676422   -0.203462833295   0.584929425908   2.148866006847
3.250000000000   15.000000000000   1.000000000000   3.046279835657   100.000000000000   0.564671804500   -0.202281436739   0.585363166190   2.172831746423
3.300000000000   15.000000000000   1.000000000000   3.046279835657   100.000000000000   0.567557259222   -0.201029057297   0.585627545934   2.196645423514
3.350000000000   15.000000000000   1.000000000000   3.046279835657   100.000000000000   0.570431443347   -0.199709360822   0.585726494541   2.220277533001
3.400000000000   15.000000000000   1.000000000000   3.046279835657   100.000000000000   0.573294258908   -0.198326878950   0.585664958358   2.243700283101
3.450000000000   15.000000000000   1.000000000000   3.046279835657   100.000000000000   0.576145537208   -0.196886982077   0.585448890361   2.266887606477
3.500000000000   15.000000000000   1.000000000000   3.046279835657   100.000000000000   0.578985042852   -0.195395763292   0.585085222946   2.289815719086
3.550000000000   15.000000000000   1.000000000000   3.046279835657   100.000000000000   0.581812463934   -0.193859902483   0.584581663213   2.312463190569
3.600000000000   15.000000000000   1.000000000000   3.046279835657   100.000000000000   0.584627429892   -0.192286743871   0.583946810637   2.334810828679
3.650000000000   15.000000000000   1.000000000000   3.046279835657   100.000000000000   0.587429509960   -0.190684220172   0.583190033383   2.356841792749
3.700000000000   15.000000000000   1.000000000000   3.046279835657   100.000000000000   0.590218203013   -0.189060686640   0.582321248925   2.378541883368
3.750000000000   15.000000000000   1.000000000000   3.046279835657   100.000000000000   0.592992961045   -0.187425001653   0.581351072852   2.399899734891
3.800000000000   15.000000000000   1.000000000000   3.046279835657   100.000000000000   0.595753184756   -0.185786546496   0.580290629692   2.420906593408
3.850000000000   15.000000000000   1.000000000000   3.046279835657   100.000000000000   0.598498229325   -0.184155221797   0.579151491554   2.441556591040
3.900000000000   15.000000000000   1.000000000000   3.046279835657   100.000000000000   0.601227405591   -0.182541385313   0.577945577220   2.461847151360
3.950000000000   15.000000000000   1.000000000000   3.046279835657   100.000000000000   0.603939982949   -0.180955882334   0.576685063680   2.481779191712
4.000000000000   15.000000000000   1.000000000000   3.046279835657   100.000000000000   0.606635196007   -0.179440144649   0.575382335688   2.501357306810
4.050000000000   15.000000000000   1.000000000000   3.046279835657   100.000000000000   0.609312245743   -0.178025920435   0.574049904762   2.520590139265
4.100000000000   15.000000000000   1.000000000000   3.046279835657   100.000000000000   0.612062701092   -0.176683851062   0.572700309285   2.539490876575
4.150000000000   15.000000000000   1.000000000000   3.046279835657   100.000000000000   0.614823585292   -0.175426653597   0.571346024268   2.558077686380
4.200000000000   15.000000000000   1.000000000000   3.046279835657   100.000000000000   0.617570349744   -0.174267614728   0.569999407955   2.576374087500
4.250000000000   15.000000000000   1.000000000000   3.046279835657   100.000000000000   0.620302212883   -0.173220662815   0.568672664265   2.594409327098
4.300000000000   15.000000000000   1.000000000000   3.046279835657   100.000000000000   0.623018326037   -0.172300381896   0.567377804270   2.612218754603
4.350000000000   15.000000000000   1.000000000000   3.046279835657   100.000000000000   0.625717750431   -0.171521953409   0.566126606035   2.629844110777
4.400000000000   15.000000000000   1.000000000000   3.046279835657   100.000000000000   0.628399430122   -0.170901081516   0.564930594792   2.647333676285
4.450000000000   15.000000000000   1.000000000000   3.046279835657   100.000000000000   0.631062162893   -0.170453931725   0.563801051817   2.664742265306
4.500000000000   15.000000000000   1.000000000000   3.046279835657   100.000000000000   0.633704570036   -0.170197082167   0.562749052052   2.682131117304
4.550000000000   15.000000000000   1.000000000000   3.046279835657   100.000000000000   0.636325062305   -0.170147434921   0.561785512569   2.699567639792
4.600000000000   15.000000000000   1.000000000000   3.046279835657   100.000000000000   0.638921801891   -0.170322064639   0.560921244969   2.717124983960
4.650000000000   15.000000000000   1.000000000000   3.046279835657   100.000000000000   0.641675445866   -0.170737993475   0.560167005436   2.734881405103
4.700000000000   15.000000000000   1.000000000000   3.046279835657   100.000000000000   0.644422711431   -0.171444729292   0.559533548493   2.752919436358
4.750000000000   15.000000000000   1.000000000000   3.046279835657   100.000000000000   0.647149129485   -0.172450290559   0.559031687058   2.771324942797
4.800000000000   15.000000000000   1.000000000000   3.046279835657   100.000000000000   0.649851780854   -0.173731276833   0.558672356006   2.790186143339
4.850000000000   15.000000000000   1.000000000000   3.046279835657   100.000000000000   0.652527292426   -0.175299686075   0.558466667611   2.809592612437
4.900000000000   15.000000000000   1.000000000000   3.046279835657   100.000000000000   0.655171799026   -0.177166138715   0.558425941394   2.829634195751
4.950000000000   15.000000000000   1.000000000000   3.046279835657   100.000000000000   0.657780905086   -0.179339539844   0.558561701385   2.850399806091
5.000000000000   15.000000000000   1.000000000000   3.046279835657   100.000000000000   0.660349649248   -0.181826738333   0.558885650196   2.871976182071
5.050000000000   15.000000000000   1.000000000000   3.046279835657   100.000000000000   0.663068681465   -0.184632284982   0.559409644570   2.894446857392
5.100000000000   15.000000000000   1.000000000000   3.046279835657   100.000000000000   0.665835349364   -0.187776994487   0.560145678766   2.917891482161
5.150000000000   15.000000000000   1.000000000000   3.046279835657   100.000000000000   0.668557064910   -0.191334891356   0.561105839700   2.942385200650
5.200000000000   15.000000000000   1.000000000000   3.046279835657   100.000000000000   0.671226561575   -0.195238272819   0.562302207326   2.967997728372
5.250000000000   15.000000000000   1.000000000000   3.046279835657   100.000000000000   0.673835832676   -0.199481968580   0.563746750525   2.994792508619
5.300000000000   15.000000000000   1.000000000000   3.046279835657   100.000000000000   0.676376119080   -0.204057801841   0.565451290173   3.022826715627
5.350000000000   15.000000000000   1.000000000000   3.046279835657   100.000000000000   0.678837897771   -0.208954865189   0.567427468419   3.052151547292
5.400000000000   15.000000000000   1.000000000000   3.046279835657   100.000000000000   0.681419569791   -0.214159534509   0.569686622693   3.082811529110
5.450000000000   15.000000000000   1.000000000000   3.046279835657   100.000000000000   0.684093397849   -0.219655682153   0.572239694388   3.114844061205
5.500000000000   15.000000000000   1.000000000000   3.046279835657   100.000000000000   0.686671806873   -0.225580370945   0.575097274736   3.148280600254
5.550000000000   15.000000000000   1.000000000000   3.046279835657   100.000000000000   0.689141783273   -0.231951831770   0.578269544202   3.183146662054
5.600000000000   15.000000000000   1.000000000000   3.046279835657   100.000000000000   0.691489342921   -0.238584582847   0.581766157938   3.219460837666
5.650000000000   15.000000000000   1.000000000000   3.046279835657   100.000000000000   0.693699553488   -0.245455293076   0.585596343730   3.257236461407
5.700000000000   15.000000000000   1.000000000000   3.046279835657   100.000000000000   0.696000219197   -0.252574236564   0.589768855269   3.296481594189
5.750000000000   15.000000000000   1.000000000000   3.046279835657   100.000000000000   0.698401726803   -0.260304731010   0.594291884354   3.337198013077
5.800000000000   15.000000000000   1.000000000000   3.046279835657   100.000000000000   0.700632464304   -0.268225919741   0.599173185931   3.379383468867
5.850000000000   15.000000000000   1.000000000000   3.046279835657   100.000000000000   0.702672801003   -0.276312593820   0.604419935616   3.423030195084
5.900000000000   15.000000000000   1.000000000000   3.046279835657   100.000000000000   0.704502188155   -0.284848092794   0.610038757448   3.468125665348
5.950000000000   15.000000000000   1.000000000000   3.046279835657   100.000000000000   0.706099322952   -0.293744835258   0.616035700862   3.514653467992
6.000000000000   15.000000000000   1.000000000000   3.046279835657   100.000000000000   0.707960224051   -0.302755901386   0.622416097475   3.562591694250
6.050000000000   15.000000000000   1.000000000000   3.046279835657   100.000000000000   0.709658683465   -0.312106648888   0.629184589709   3.611915415860
6.100000000000   15.000000000000   1.000000000000   3.046279835657   100.000000000000   0.711069638540   -0.321888181717   0.636344896410   3.662594245736
6.150000000000   15.000000000000   1.000000000000   3.046279835657   100.000000000000   0.712168280677   -0.331735932694   0.643899799192   3.714594793724
6.200000000000   15.000000000000   1.000000000000   3.046279835657   100.000000000000   0.712930435682   -0.341981364961   0.651850896064   3.767878598566
6.250000000000   15.000000000000   1.000000000000   3.046279835657   100.000000000000   0.713896428990   -0.352564144375   0.660198548437   3.822403996129
6.300000000000   15.000000000000   1.000000000000   3.046279835657   100.000000000000   0.714637896456   -0.363168272477   0.668941662766   3.878124833104
6.350000000000   15.000000000000   1.000000000000   3.046279835657   100.000000000000   0.714977330754   -0.374316791664   0.678077629597   3.934991896328
6.400000000000   15.000000000000   1.000000000000   3.046279835657   100.000000000000   0.714894358793   -0.385615028426   0.687602167083   3.992952184404
6.450000000000   15.000000000000   1.000000000000   3.046279835657   100.000000000000   0.714372978547   -0.397024169831   0.697509355587   4.051950174443
6.500000000000   15.000000000000   1.000000000000   3.046279835657   100.000000000000   0.713937187013   -0.409002784614   0.707791662027   4.111927537994
6.550000000000   15.000000000000   1.000000000000   3.046279835657   100.000000000000   0.713248950488   -0.420931827729   0.718440174458   4.172824836590
6.600000000000   15.000000000000   1.000000000000   3.046279835657   100.000000000000   0.712079084340   -0.433295370877   0.729444815841   4.234581634168
6.650000000000   15.000000000000   1.000000000000   3.046279835657   100.000000000000   0.710430590056   -0.445854646699   0.740794733196   4.297138585644
6.700000000000   15.000000000000   1.000000000000   3.046279835657   100.000000000000   0.708315579170   -0.458516028519   0.752478707412   4.360437427463
6.750000000000   15.000000000000   1.000000000000   3.046279835657   100.000000000000   0.706170722816   -0.471683658794   0.764485733215   4.424423377351
6.800000000000   15.000000000000   1.000000000000   3.046279835657   100.000000000000   0.703830542310   -0.484720317356   0.776805561323   4.489045122091
6.850000000000   15.000000000000   1.000000000000   3.046279835657   100.000000000000   0.701047637278   -0.498380336157   0.789429150741   4.554257366379
6.900000000000   15.000000000000   1.000000000000   3.046279835657   100.000000000000   0.697863327945   -0.511967225524   0.802348984308   4.620020079787
6.950000000000   15.000000000000   1.000000000000   3.046279835657   100.000000000000   0.694328189522   -0.525978490801   0.815559282787   4.686300310746
7.000000000000   15.000000000000   1.000000000000   3.046279835657   100.000000000000   0.690501114047   -0.540093244941   0.829056186772   4.753070885731
7.050000000000   15.000000000000   1.000000000000   3.046279835657   100.000000000000   0.686448095396   -0.554457283691   0.842837622710   4.820312108629
7.100000000000   15.000000000000   1.000000000000   3.046279835657   100.000000000000   0.688141697071   -0.569078562749   0.856902946162   4.888009966798
7.150000000000   15.000000000000   1.000000000000   3.046279835657   100.000000000000   0.692209363425   -0.583870684888   0.871252384723   4.956156713295
7.200000000000   15.000000000000   1.000000000000   3.046279835657   100.000000000000   0.696268637581   -0.598977770722   0.885886691860   5.024748695740
7.250000000000   15.000000000000   1.000000000000   3.046279835657   100.000000000000   0.700316043725   -0.614210208397   0.900806568984   5.093787233963
7.300000000000   15.000000000000   1.000000000000   3.046279835657   100.000000000000   0.704348256907   -0.629780963525   0.916011908908   5.163276816113
7.350000000000   15.000000000000   1.000000000000   3.046279835657   100.000000000000   0.708362187337   -0.645532691601   0.931501030915   5.233224790415
7.400000000000   15.000000000000   1.000000000000   3.046279835657   100.000000000000   0.712354977403   -0.661538817756   0.947270241059   5.303639402750
7.450000000000   15.000000000000   1.000000000000   3.046279835657   100.000000000000   0.716323952674   -0.677814961567   0.963313427377   5.374530151591
7.500000000000   15.000000000000   1.000000000000   3.046279835657   100.000000000000   0.720266619188   -0.694222362998   0.979621215776   5.445906576979
7.550000000000   15.000000000000   1.000000000000   3.046279835657   100.000000000000   0.724180737883   -0.711083698617   0.996180663824   5.517776958257
7.600000000000   15.000000000000   1.000000000000   3.046279835657   100.000000000000   0.728064361049   -0.727846501451   1.012975016245   5.590147496745
7.650000000000   15.000000000000   1.000000000000   3.046279835657   100.000000000000   0.731915743575   -0.745270816661   1.029983886218   5.663022286079
7.700000000000   15.000000000000   1.000000000000   3.046279835657   100.000000000000   0.735733464369   -0.762546721423   1.047182663027   5.736402831037
7.750000000000   15.000000000000   1.000000000000   3.046279835657   100.000000000000   0.739516467601   -0.780346791580   1.064543408041   5.810286255635
7.800000000000   15.000000000000   1.000000000000   3.046279835657   100.000000000000   0.743264057983   -0.798175778900   1.082035218844   5.884666539937
7.850000000000   15.000000000000   1.000000000000   3.046279835657   100.000000000000   0.746975798875   -0.816190883595   1.099625347595   5.959534062165
7.900000000000   15.000000000000   1.000000000000   3.046279835657   100.000000000000   0.750651679036   -0.834565803033   1.117279822313   6.034875543880
7.950000000000   15.000000000000   1.000000000000   3.046279835657   100.000000000000   0.754292022605   -0.852730405420   1.134965542022   6.110673468992
8.000000000000   15.000000000000   1.000000000000   3.046279835657   100.000000000000   0.757897407692   -0.871567881088   1.152651610741   6.186908428465
8.050000000000   15.000000000000   1.000000000000   3.046279835657   100.000000000000   0.761468705241   -0.890189208917   1.170310836293   6.263558401308
8.100000000000   15.000000000000   1.000000000000   3.046279835657   100.000000000000   0.765116813463   -0.909110135496   1.187921788295   6.340599360844
8.150000000000   15.000000000000   1.000000000000   3.046279835657   100.000000000000   0.768777041568   -0.928110472884   1.205470127097   6.418007191216
8.200000000000   15.000000000000   1.000000000000   3.046279835657   100.000000000000   0.772404995927   -0.947093241250   1.222950200916   6.495758810586
8.250000000000   15.000000000000   1.000000000000   3.046279835657   100.000000000000   0.776002049610   -0.966465864683   1.240365311110   6.573832582739
8.300000000000   15.000000000000   1.000000000000   3.046279835657   100.000000000000   0.779569704040   -0.985528657229   1.257728756540   6.652209506497
8.350000000000   15.000000000000   1.000000000000   3.046279835657   100.000000000000   0.783109486552   -1.005236240315   1.275062892456   6.730875566140
8.400000000000   15.000000000000   1.000000000000   3.046279835657   100.000000000000   0.786622953201   -1.024642758869   1.292397861740   6.809821010929
8.450000000000   15.000000000000   1.000000000000   3.046279835657   100.000000000000   0.790111655484   -1.044530462222   1.309769995736   6.889040631267
8.500000000000   15.000000000000   1.000000000000   3.046279835657   100.000000000000   0.793577012492   -1.064317537259   1.327218829375   6.968534417065
8.550000000000   15.000000000000   1.000000000000   3.046279835657   100.000000000000   0.797020250558   -1.084453902407   1.344784883248   7.048306866142
8.600000000000   15.000000000000   1.000000000000   3.046279835657   100.000000000000   0.800442521824   -1.104722267383   1.362506301806   7.128365340441
8.650000000000   15.000000000000   1.000000000000   3.046279835657   100.000000000000   0.803844818343   -1.125189415107   1.380416698554   7.208718876731
8.700000000000   15.000000000000   1.000000000000   3.046279835657   100.000000000000   0.807227888933   -1.145987734191   1.398543218509   7.289378210521
8.750000000000   15.000000000000   1.000000000000   3.046279835657   100.000000000000   0.810592337942   -1.166851080905   1.416904398359   7.370353745577
8.800000000000   15.000000000000   1.000000000000   3.046279835657   100.000000000000   0.813938651776   -1.188265081925   1.435509778646   7.451653877810
8.850000000000   15.000000000000   1.000000000000   3.046279835657   100.000000000000   0.817267135209   -1.209554736657   1.454358964194   7.533285356697
8.900000000000   15.000000000000   1.000000000000   3.046279835657   100.000000000000   0.820577899086   -1.231585594181   1.473441668260   7.615252668892
8.950000000000   15.000000000000   1.000000000000   3.046279835657   100.000000000000   0.823870987323   -1.253424818776   1.492738358665   7.697556757953
9.000000000000   15.000000000000   1.000000000000   3.046279835657   100.000000000000   0.827146394559   -1.275954724882   1.512220098033   7.780194880255
9.050000000000   15.000000000000   1.000000000000   3.046279835657   100.000000000000   0.830403970524   -1.298372266347   1.531849994576   7.863161422640
9.100000000000   15.000000000000   1.000000000000   3.046279835657   100.000000000000   0.833643542299   -1.321251029839   1.551584367224   7.946447510786
9.150000000000   15.000000000000   1.000000000000   3.046279835657   100.000000000000   0.836865011656   -1.344187022068   1.571373368083   8.030040150871
9.200000000000   15.000000000000   1.000000000000   3.046279835657   100.000000000000   0.840068246048   -1.367330210843   1.591162784123   8.113923262629
9.250000000000   15.000000000000   1.000000000000   3.046279835657   100.000000000000   0.843314192582   -1.390636432553   1.610895381541   8.198078212007
9.300000000000   15.000000000000   1.000000000000   3.046279835657   100.000000000000   0.846581219129   -1.413944604097   1.630512407180   8.282482942012
9.350000000000   15.000000000000   1.000000000000   3.046279835657   100.000000000000   0.849829385078   -1.437483922086   1.649955308383   8.367112477345
9.400000000000   15.000000000000   1.000000000000   3.046279835657   100.000000000000   0.853058818545   -1.460848287749   1.669166659083   8.451940101505
9.450000000000   15.000000000000   1.000000000000   3.046279835657   100.000000000000   0.856269699734   -1.484414660224   1.688091956215   8.536937641583
9.500000000000   15.000000000000   1.000000000000   3.046279835657   100.000000000000   0.859462316700   -1.507726573488   1.706681205521   8.622076067813
9.550000000000   15.000000000000   1.000000000000   3.046279835657   100.000000000000   0.862637018126   -1.531142731763   1.724889062838   8.707326882920
9.600000000000   15.000000000000   1.000000000000   3.046279835657   100.000000000000   0.865794170475   -1.554304305454   1.742675013781   8.792663198458
9.650000000000   15.000000000000   1.000000000000   3.046279835657   100.000000000000   0.868934204525   -1.577349389869   1.760004230524   8.878060700012
9.700000000000   15.000000000000   1.000000000000   3.046279835657   100.000000000000   0.872057640259   -1.600277614502   1.776847323305   8.963498669196
9.750000000000   15.000000000000   1.000000000000   3.046279835657   100.000000000000   0.875165022747   -1.622779223558   1.793178688565   9.048960412557
9.800000000000   15.000000000000   1.000000000000   3.046279835657   100.000000000000   0.878256884899   -1.645410029231   1.808974839048   9.134433435013
9.850000000000   15.000000000000   1.000000000000   3.046279835657   100.000000000000   0.881333786935   -1.667392910672   1.824213683079   9.219909909462
9.900000000000   15.000000000000   1.000000000000   3.046279835657   100.000000000000   0.884396344278   -1.689447710775   1.838872903496   9.305386238505
9.950000000000   15.000000000000   1.000000000000   3.046279835657   100.000000000000   0.887445208576   -1.711069004236   1.852927132099   9.390861586884
10.000000000000   15.000000000000   1.000000000000   3.046279835657   100.000000000000   0.890481056799   -1.732173338671   1.866344834486   9.476337007909
10.050000000000   15.000000000000   1.000000000000   3.046279835657   100.000000000000   0.893504601828   -1.753364322333   1.879088638088   9.561815529987
10.100000000000   15.000000000000   1.000000000000   3.046279835657   100.000000000000   0.896516624540   -1.773885220928   1.891114790239   9.647300905151
10.150000000000   15.000000000000   1.000000000000   3.046279835657   100.000000000000   0.899518010046   -1.793954018354   1.902370107950   9.732795378891
10.200000000000   15.000000000000   1.000000000000   3.046279835657   100.000000000000   0.902509751126   -1.813888187780   1.912790225300   9.818299168806
10.250000000000   15.000000000000   1.000000000000   3.046279835657   100.000000000000   0.905492925734   -1.833084287512   1.922301132246   9.903811084055
10.300000000000   15.000000000000   1.000000000000   3.046279835657   100.000000000000   0.908468705196   -1.851605578562   1.930819524035   9.989327860556
10.350000000000   15.000000000000   1.000000000000   3.046279835657   100.000000000000   0.911438402771   -1.869934058605   1.938250377877   10.074842712813
10.400000000000   15.000000000000   1.000000000000   3.046279835657   100.000000000000   0.914403504159   -1.887387452205   1.944485977287   10.160345464243
10.450000000000   15.000000000000   1.000000000000   3.046279835657   100.000000000000   0.917365659112   -1.903919790105   1.949407327182   10.245823808031
10.500000000000   15.000000000000   1.000000000000   3.046279835657   100.000000000000   0.920326684930   -1.919712769054   1.952883408867   10.331263294314
10.550000000000   15.000000000000   1.000000000000   3.046279835657   100.000000000000   0.923342626301   -1.934758129841   1.954767941236   10.416646452850
10.600000000000   15.000000000000   1.000000000000   3.046279835657   100.000000000000   0.926400835299   -1.948628184658   1.954896453790   10.501953079581
10.650000000000   15.000000000000   1.000000000000   3.046279835657   100.000000000000   0.929464459100   -1.961229081131   1.953084396682   10.587161071370
10.700000000000   15.000000000000   1.000000000000   3.046279835657   100.000000000000   0.932536377849   -1.972449008101   1.949122009168   10.672245839254
10.750000000000   15.000000000000   1.000000000000   3.046279835657   100.000000000000   0.935619943269   -1.982295183634   1.942763576004   10.757178481319
10.800000000000   15.000000000000   1.000000000000   3.046279835657   100.000000000000   0.938719134215   -1.990608174023   1.933714420590   10.841924473743
10.850000000000   15.000000000000   1.000000000000   3.046279835657   100.000000000000   0.941838773895   -1.996950801324   1.921613262856   10.926441978907
10.900000000000   15.000000000000   1.000000000000   3.046279835657   100.000000000000   0.944984893139   -2.001034924446   1.906002760451   11.010677642641
10.950000000000   15.000000000000   1.000000000000   3.046279835657   100.000000000000   0.948165347022   -2.002468111510   1.886279425216   11.094559009063
11.000000000000   15.000000000000   1.000000000000   3.046279835657   100.000000000000   0.951390861956   -2.000691558384   1.861608681816   11.177982312596
11.050000000000   15.000000000000   1.000000000000   3.046279835657   100.000000000000   0.954676965409   -1.994863469353   1.830767729390   11.260789082806
11.100000000000   15.000000000000   1.000000000000   3.046279835657   100.000000000000   0.958048001868   -1.983610440698   1.791815969870   11.342713460525
11.150000000000   15.000000000000   1.000000000000   3.046279835657   100.000000000000   0.961546862470   -1.964458146597   1.741289408040   11.423246305205
11.200000000000   15.000000000000   1.000000000000   3.046279835657   100.000000000000   0.965265248230   -1.932640369859   1.671663077362   11.501179916295
11.250100000000   15.000000000000   1.000000000000   3.046279835657   100.000000000000   0.969515829983   -1.868961348252   1.557169098123   11.572043927469
11.250200000000   15.000000000000   1.000000000000   3.046279835657   100.000000000000   0.969525517071   -1.868762435627   1.556838137101   11.572166946862
11.256242107427   15.000000000000   1.000000000000   3.046279835657   100.000000000000   0.970129199812   -1.855576995875   1.535270616991   11.579297996048
11.261276099891   15.000000000000   1.000000000000   3.046279835657   100.000000000000   0.970668109311   -1.842285725635   1.514222784071   11.584634141437
11.265408073417   15.000000000000   1.000000000000   3.046279835657   100.000000000000   0.971147839394   -1.828941886420   1.493731902037   11.588362847606
11.268743610605   15.000000000000   1.000000000000   3.046279835657   100.000000000000   0.971574538564   -1.815687950457   1.473783116937   11.590663142610
11.271376032404   15.000000000000   1.000000000000   3.046279835657   100.000000000000   0.971953735509   -1.802758068892   1.454352658460   11.591692024376
11.273386683904   15.000000000000   1.000000000000   3.046279835657   100.000000000000   0.972290304667   -1.789822620320   1.435414399609   11.591586340785
11.274845886958   15.000000000000   1.000000000000   3.046279835657   100.000000000000   0.972588478889   -1.776885491494   1.416945877080   11.590465639528
11.275814136109   15.000000000000   1.000000000000   3.046279835657   100.000000000000   0.972851892486   -1.763953226672   1.398931848163   11.588434672023
11.276345038476   15.000000000000   1.000000000000   3.046279835657   100.000000000000   0.973083758796   -1.751113922591   1.381363670683   11.585587874446
11.276487008156   15.000000000000   1.000000000000   3.046279835657   100.000000000000   0.973286989100   -1.738703235033   1.364235122751   11.582010732949
11.276282888148   15.000000000000   1.000000000000   3.046279835657   100.000000000000   0.973464185869   -1.726336401094   1.347536959851   11.577777363964
11.275770662212   15.000000000000   1.000000000000   3.046279835657   100.000000000000   0.973617700679   -1.714010906263   1.331252626759   11.572950776532
11.274983591044   15.000000000000   1.000000000000   3.046279835657   100.000000000000   0.973749639296   -1.701716579988   1.315357814104   11.567583474467
11.273950475782   15.000000000000   1.000000000000   3.046279835657   100.000000000000   0.973861859638   -1.689484989192   1.299824140029   11.561719565812
11.272696340033   15.000000000000   1.000000000000   3.046279835657   100.000000000000   0.973955990929   -1.677703603328   1.284625220717   11.555398176847
11.271242653044   15.000000000000   1.000000000000   3.046279835657   100.000000000000   0.974033430061   -1.665933509934   1.269742684086   11.548655704915
11.269610512926   15.000000000000   1.000000000000   3.046279835657   100.000000000000   0.974095533910   -1.654174474856   1.255168290149   11.541531525894
11.267819994137   15.000000000000   1.000000000000   3.046279835657   100.000000000000   0.974143584142   -1.642432442605   1.240902680755   11.534065650180
11.265890017999   15.000000000000   1.000000000000   3.046279835657   100.000000000000   0.974178791054   -1.630761546818   1.226949680990   11.526295789081
11.263837882188   15.000000000000   1.000000000000   3.046279835657   100.000000000000   0.974202274825   -1.619568628488   1.213309003455   11.518253717606
11.261678282831   15.000000000000   1.000000000000   3.046279835657   100.000000000000   0.974215007139   -1.608413910670   1.199971255649   11.509962160780
11.259422830457   15.000000000000   1.000000000000   3.046279835657   100.000000000000   0.974217775392   -1.597283163163   1.186917645673   11.501434705608
11.257080377207   15.000000000000   1.000000000000   3.046279835657   100.000000000000   0.974211195838   -1.586157028311   1.174124345614   11.492679001266
11.254657906906   15.000000000000   1.000000000000   3.046279835657   100.000000000000   0.974195766962   -1.575056368552   1.161569360192   11.483701683890
11.252162823007   15.000000000000   1.000000000000   3.046279835657   100.000000000000   0.974172021997   -1.564399981294   1.149238632337   11.474514868401
11.249604689042   15.000000000000   1.000000000000   3.046279835657   100.000000000000   0.974140647873   -1.553737124595   1.137129006724   11.465139689123
11.246994298624   15.000000000000   1.000000000000   3.046279835657   100.000000000000   0.974102422891   -1.543075140170   1.125246792722   11.455602887769
11.244343247291   15.000000000000   1.000000000000   3.046279835657   100.000000000000   0.974058181681   -1.532423350104   1.113601510559   11.445932160555
11.241662367551   15.000000000000   1.000000000000   3.046279835657   100.000000000000   0.974008699390   -1.521842007781   1.102198052815   11.436149411855
11.238960108035   15.000000000000   1.000000000000   3.046279835657   100.000000000000   0.973954571843   -1.511722958498   1.091031231836   11.426265865887
11.236241807563   15.000000000000   1.000000000000   3.046279835657   100.000000000000   0.973896162339   -1.501614840742   1.080085403107   11.416281786678
11.233510252578   15.000000000000   1.000000000000   3.046279835657   100.000000000000   0.973833647718   -1.491496280487   1.069339002145   11.406191006264
11.230767250284   15.000000000000   1.000000000000   3.046279835657   100.000000000000   0.973767146651   -1.481346464652   1.058771626188   11.395988210905
11.228015575586   15.000000000000   1.000000000000   3.046279835657   100.000000000000   0.973696878533   -1.471218871448   1.048370645124   11.385675975903
11.225260525797   15.000000000000   1.000000000000   3.046279835657   100.000000000000   0.973623285775   -1.461501898195   1.038134674949   11.375268588508
11.222510357225   15.000000000000   1.000000000000   3.046279835657   100.000000000000   0.973547056371   -1.451767731906   1.028072194655   11.364790559513
11.219775219475   15.000000000000   1.000000000000   3.046279835657   100.000000000000   0.973469018483   -1.442027883940   1.018195448832   11.354269765815
11.217064966016   15.000000000000   1.000000000000   3.046279835657   100.000000000000   0.973389946082   -1.432288513319   1.008512336426   11.343728138962
11.214386970827   15.000000000000   1.000000000000   3.046279835657   100.000000000000   0.973310374734   -1.422643982514   0.999020484302   11.333174723708
11.211745114278   15.000000000000   1.000000000000   3.046279835657   100.000000000000   0.973230525554   -1.413404785727   0.989706480855   11.322604768074
11.209140311505   15.000000000000   1.000000000000   3.046279835657   100.000000000000   0.973150369894   -1.404142344786   0.980550229652   11.312005010475
11.206571392959   15.000000000000   1.000000000000   3.046279835657   100.000000000000   0.973069749363   -1.394834040375   0.971532277350   11.301361298651
11.204040199343   15.000000000000   1.000000000000   3.046279835657   100.000000000000   0.972988771604   -1.385464145059   0.962639793181   11.290671780271
11.201550482433   15.000000000000   1.000000000000   3.046279835657   100.000000000000   0.972907787349   -1.376165113154   0.953871359553   11.279947826186
11.199109393313   15.000000000000   1.000000000000   3.046279835657   100.000000000000   0.972827477977   -1.367216939970   0.945235940291   11.269214266880
11.196726309951   15.000000000000   1.000000000000   3.046279835657   100.000000000000   0.972748713319   -1.358248402575   0.936747186091   11.258501349069
11.194410385437   15.000000000000   1.000000000000   3.046279835657   100.000000000000   0.972672295007   -1.349268479089   0.928415205074   11.247833157585
11.192168601822   15.000000000000   1.000000000000   3.046279835657   100.000000000000   0.972598751071   -1.340273937985   0.920240019051   11.237219253197
11.190005238804   15.000000000000   1.000000000000   3.046279835657   100.000000000000   0.972528281354   -1.331438353442   0.912210123384   11.226653758650
11.187921169880   15.000000000000   1.000000000000   3.046279835657   100.000000000000   0.972460758687   -1.322903914893   0.904306629510   11.216119503661
11.185915922204   15.000000000000   1.000000000000   3.046279835657   100.000000000000   0.972395962584   -1.314313045198   0.896510146054   11.205598868519
11.183989750568   15.000000000000   1.000000000000   3.046279835657   100.000000000000   0.972333825148   -1.305648088703   0.888807752609   11.195084227739
11.182145284069   15.000000000000   1.000000000000   3.046279835657   100.000000000000   0.972274613717   -1.296903180697   0.881197440574   11.184584452379
11.180388065651   15.000000000000   1.000000000000   3.046279835657   100.000000000000   0.972218963940   -1.288349983694   0.873688034038   11.174124303545
11.178725644117   15.000000000000   1.000000000000   3.046279835657   100.000000000000   0.972167727812   -1.280044094320   0.866293980344   11.163735895204
11.177165572001   15.000000000000   1.000000000000   3.046279835657   100.000000000000   0.972121696363   -1.271717537628   0.859027060751   11.153445626261
11.175713403447   15.000000000000   1.000000000000   3.046279835657   100.000000000000   0.972081343177   -1.263369584878   0.851889391424   11.143263495878
11.174371791781   15.000000000000   1.000000000000   3.046279835657   100.000000000000   0.972046726009   -1.254984142543   0.844871465465   11.133180607978
11.173140970979   15.000000000000   1.000000000000   3.046279835657   100.000000000000   0.972017582212   -1.246882494940   0.837955715885   11.123175508282
11.172020103601   15.000000000000   1.000000000000   3.046279835657   100.000000000000   0.971993554287   -1.238918755892   0.831123299654   11.113225589275
11.171008758433   15.000000000000   1.000000000000   3.046279835657   100.000000000000   0.971974442882   -1.230872776002   0.824361153595   11.103318642155
11.170107945152   15.000000000000   1.000000000000   3.046279835657   100.000000000000   0.971960386765   -1.222737273267   0.817666791026   11.093460211351
11.169320349440   15.000000000000   1.000000000000   3.046279835657   100.000000000000   0.971951888479   -1.214518157805   0.811048783319   11.083673349531
11.168649683223   15.000000000000   1.000000000000   3.046279835657   100.000000000000   0.971949656102   -1.206697671656   0.804522019410   11.073989671086
11.168099500805   15.000000000000   1.000000000000   3.046279835657   100.000000000000   0.971954327564   -1.198954983333   0.798099472049   11.064435197909
11.167672192689   15.000000000000   1.000000000000   3.046279835657   100.000000000000   0.971966226500   -1.191186432901   0.791784856984   11.055018609645
11.167368712141   15.000000000000   1.000000000000   3.046279835657   100.000000000000   0.971985280457   -1.183377152682   0.785570247335   11.045728420740
11.167189000445   15.000000000000   1.000000000000   3.046279835657   100.000000000000   0.972011124900   -1.175503803588   0.779439333973   11.036539730758
11.167132647843   15.000000000000   1.000000000000   3.046279835657   100.000000000000   0.972043321650   -1.168108570129   0.773374027858   11.027426276614
11.167199340007   15.000000000000   1.000000000000   3.046279835657   100.000000000000   0.972081590332   -1.160625973050   0.767361451058   11.018372475796
11.167388890202   15.000000000000   1.000000000000   3.046279835657   100.000000000000   0.972125961269   -1.153047476928   0.761398863123   11.009381049506
11.167700940359   15.000000000000   1.000000000000   3.046279835657   100.000000000000   0.972176781909   -1.145378300541   0.755494492469   11.000472817750
11.168134644477   15.000000000000   1.000000000000   3.046279835657   100.000000000000   0.972234561874   -1.137776981444   0.749663203623   10.991677528476
11.168688702357   15.000000000000   1.000000000000   3.046279835657   100.000000000000   0.972299728885   -1.130572404139   0.743918479891   10.983019312661
11.169361849247   15.000000000000   1.000000000000   3.046279835657   100.000000000000   0.972372430891   -1.123337423385   0.738265028859   10.974504708242
11.170153491375   15.000000000000   1.000000000000   3.046279835657   100.000000000000   0.972452487825   -1.116058110018   0.732696195207   10.966119989875
11.171064016662   15.000000000000   1.000000000000   3.046279835657   100.000000000000   0.972539497111   -1.108707361813   0.727196972101   10.957838237518
11.172094506805   15.000000000000   1.000000000000   3.046279835657   100.000000000000   0.972633022605   -1.101538005698   0.721750323838   10.949631507581
11.173245862051   15.000000000000   1.000000000000   3.046279835657   100.000000000000   0.972732779692   -1.094575218327   0.716343919652   10.941482698376
11.174517616372   15.000000000000   1.000000000000   3.046279835657   100.000000000000   0.972838742567   -1.087511485322   0.710974959734   10.933392861988
11.175906521838   15.000000000000   1.000000000000   3.046279835657   100.000000000000   0.972951094075   -1.080350985084   0.705651258385   10.925380130259
11.177407705816   15.000000000000   1.000000000000   3.046279835657   100.000000000000   0.973070154330   -1.073107037464   0.700387106081   10.917471986939
11.179015597813   15.000000000000   1.000000000000   3.046279835657   100.000000000000   0.973196158714   -1.066256777596   0.695195783608   10.909690380848
11.180725669661   15.000000000000   1.000000000000   3.046279835657   100.000000000000   0.973329099621   -1.059511724386   0.690082491060   10.902039687735
11.182536436671   15.000000000000   1.000000000000   3.046279835657   100.000000000000   0.973468743149   -1.052716755027   0.685041682748   10.894505001689
11.184449071449   15.000000000000   1.000000000000   3.046279835657   100.000000000000   0.973614692016   -1.045845763332   0.680059824347   10.887058612322
11.186467829332   15.000000000000   1.000000000000   3.046279835657   100.000000000000   0.973766643808   -1.038884713798   0.675121218907   10.879674048996
11.188595892601   15.000000000000   1.000000000000   3.046279835657   100.000000000000   0.973924390151   -1.032394757347   0.670214378580   10.872334769053
11.190833924805   15.000000000000   1.000000000000   3.046279835657   100.000000000000   0.974087932790   -1.025798899334   0.665336534745   10.865041983463
11.193178250357   15.000000000000   1.000000000000   3.046279835657   100.000000000000   0.974257421351   -1.019100012935   0.660494694777   10.857813503083
11.195621330322   15.000000000000   1.000000000000   3.046279835657   100.000000000000   0.974433036285   -1.012310003313   0.655702137807   10.850674890147
11.198154409976   15.000000000000   1.000000000000   3.046279835657   100.000000000000   0.974614858702   -1.005650431991   0.650971483378   10.843645958382
11.200771175248   15.000000000000   1.000000000000   3.046279835657   100.000000000000   0.974802809024   -0.999343748917   0.646308058753   10.836730217428
11.203470246435   15.000000000000   1.000000000000   3.046279835657   100.000000000000   0.974996675413   -0.992979088916   0.641707370576   10.829913208521
11.206255221917   15.000000000000   1.000000000000   3.046279835657   100.000000000000   0.975196199955   -0.986531798378   0.637157500313   10.823169585161
11.209132529963   15.000000000000   1.000000000000   3.046279835657   100.000000000000   0.975401176970   -0.979972153043   0.632644436108   10.816474295332
11.212108116573   15.000000000000   1.000000000000   3.046279835657   100.000000000000   0.975611522925   -0.973679431403   0.628157799751   10.809812904481
11.215184123613   15.000000000000   1.000000000000   3.046279835657   100.000000000000   0.975827285409   -0.967494816832   0.623695001751   10.803187425449
11.218356884513   15.000000000000   1.000000000000   3.046279835657   100.000000000000   0.976048581416   -0.961200439124   0.619262247787   10.796615146554
11.221617581833   15.000000000000   1.000000000000   3.046279835657   100.000000000000   0.976275498598   -0.954806306972   0.614871470670   10.790120017731
11.224955849475   15.000000000000   1.000000000000   3.046279835657   100.000000000000   0.976508025232   -0.948322360005   0.610534174998   10.783720199214
11.228364559310   15.000000000000   1.000000000000   3.046279835657   100.000000000000   0.976746051876   -0.942382378400   0.606255495218   10.777418687705
11.231842981836   15.000000000000   1.000000000000   3.046279835657   100.000000000000   0.976989428566   -0.936385929095   0.602031860917   10.771202252764
11.235396749930   15.000000000000   1.000000000000   3.046279835657   100.000000000000   0.977238034557   -0.930298270227   0.597853051117   10.765048307365
11.239035051582   15.000000000000   1.000000000000   3.046279835657   100.000000000000   0.977491829266   -0.924091682993   0.593706906405   10.758935269350
11.242766450993   15.000000000000   1.000000000000   3.046279835657   100.000000000000   0.977750867033   -0.917952721140   0.589584415479   10.752851808425
11.246594841910   15.000000000000   1.000000000000   3.046279835657   100.000000000000   0.978015263314   -0.912115272357   0.585483384583   10.746801672541
11.250517142944   15.000000000000   1.000000000000   3.046279835657   100.000000000000   0.978285120364   -0.906160909320   0.581409290283   10.740801975654
11.254524222648   15.000000000000   1.000000000000   3.046279835657   100.000000000000   0.978579511318   -0.900097520152   0.577372562291   10.734874916954
11.258605204144   15.000000000000   1.000000000000   3.046279835657   100.000000000000   0.978880236953   -0.893933003608   0.573383231560   10.729036547269
11.262752983436   15.000000000000   1.000000000000   3.046279835657   100.000000000000   0.979186373359   -0.888129595292   0.569445818743   10.723288815153
11.266967732118   15.000000000000   1.000000000000   3.046279835657   100.000000000000   0.979497843575   -0.882434298849   0.565557353266   10.717619206723
11.271256613952   15.000000000000   1.000000000000   3.046279835657   100.000000000000   0.979814683359   -0.876636721682   0.561709170884   10.712007050693
11.275629948397   15.000000000000   1.000000000000   3.046279835657   100.000000000000   0.980136987495   -0.870711091451   0.557890955164   10.706431037837
11.280103762875   15.000000000000   1.000000000000   3.046279835657   100.000000000000   0.980465390488   -0.864711316290   0.554096105575   10.700905628980
11.284684476464   15.000000000000   1.000000000000   3.046279835657   100.000000000000   0.980800190321   -0.859156168452   0.550323565913   10.695444403814
11.289360490712   15.000000000000   1.000000000000   3.046279835657   100.000000000000   0.981140780835   -0.853475220501   0.546576819851   10.690029148525
11.294129995517   15.000000000000   1.000000000000   3.046279835657   100.000000000000   0.981487622719   -0.847678423043   0.542866263926   10.684711217912
11.298980898006   15.000000000000   1.000000000000   3.046279835657   100.000000000000   0.981840428265   -0.841771347972   0.539200277939   10.679501185499
11.303902320336   15.000000000000   1.000000000000   3.046279835657   100.000000000000   0.982198689244   -0.836112107551   0.535580778880   10.674377119380
11.308896828629   15.000000000000   1.000000000000   3.046279835657   100.000000000000   0.982562478336   -0.830656823581   0.532005094118   10.669331150213
11.313973627897   15.000000000000   1.000000000000   3.046279835657   100.000000000000   0.982931978066   -0.825086055147   0.528466054349   10.664348123247
11.319145182866   15.000000000000   1.000000000000   3.046279835657   100.000000000000   0.983307452815   -0.819377085255   0.524955532348   10.659415510853
11.324422003481   15.000000000000   1.000000000000   3.046279835657   100.000000000000   0.983689142134   -0.813532457231   0.521468113654   10.654530070354
11.329808166570   15.000000000000   1.000000000000   3.046279835657   100.000000000000   0.984077150605   -0.808189849219   0.518003424814   10.649699839888
11.335299633327   15.000000000000   1.000000000000   3.046279835657   100.000000000000   0.984471388519   -0.802715267198   0.514566155255   10.644940715921
11.340886607622   15.000000000000   1.000000000000   3.046279835657   100.000000000000   0.984871612726   -0.797112558772   0.511163594615   10.640268965104
11.346559116761   15.000000000000   1.000000000000   3.046279835657   100.000000000000   0.985277564191   -0.791384353466   0.507801825720   10.635693526275
11.352312736309   15.000000000000   1.000000000000   3.046279835657   100.000000000000   0.985689120112   -0.785891455767   0.504482704147   10.631212508359
11.358151204423   15.000000000000   1.000000000000   3.046279835657   100.000000000000   0.986106361906   -0.780602095101   0.501203247102   10.626815587107
11.364084829138   15.000000000000   1.000000000000   3.046279835657   100.000000000000   0.986529527102   -0.775182237352   0.497957437136   10.622490357784
11.370125904376   15.000000000000   1.000000000000   3.046279835657   100.000000000000   0.986958883954   -0.769612184766   0.494739224723   10.618229077165
11.376283368689   15.000000000000   1.000000000000   3.046279835657   100.000000000000   0.987394590785   -0.763958264056   0.491545291187   10.614032790206
11.382559032015   15.000000000000   1.000000000000   3.046279835657   100.000000000000   0.987836600286   -0.758760166127   0.488376436330   10.609911194097
11.388947252758   15.000000000000   1.000000000000   3.046279835657   100.000000000000   0.988284661176   -0.753422189680   0.485236967601   10.605878277014
11.395438587191   15.000000000000   1.000000000000   3.046279835657   100.000000000000   0.988738436130   -0.747945992346   0.482132305475   10.601945768490
11.402025565626   15.000000000000   1.000000000000   3.046279835657   100.000000000000   0.989197674850   -0.742330994705   0.479066101120   10.598118154565
11.408707291904   15.000000000000   1.000000000000   3.046279835657   100.000000000000   0.989662335201   -0.737066121993   0.476038481841   10.594391919372
11.415490363171   15.000000000000   1.000000000000   3.046279835657   100.000000000000   0.990132579066   -0.731878120073   0.473046275942   10.590759136349
11.422385963147   15.000000000000   1.000000000000   3.046279835657   100.000000000000   0.990608655061   -0.726543161118   0.470084837247   10.587212992451
11.429404900756   15.000000000000   1.000000000000   3.046279835657   100.000000000000   0.991090738918   -0.721045643868   0.467150373472   10.583752273242
11.436553031689   15.000000000000   1.000000000000   3.046279835657   100.000000000000   0.991578810633   -0.715658140426   0.464241668316   10.580382845641
11.443829245407   15.000000000000   1.000000000000   3.046279835657   100.000000000000   0.992072627715   -0.710542963239   0.461360446103   10.577115566354
11.451227151167   15.000000000000   1.000000000000   3.046279835657   100.000000000000   0.992571816601   -0.705279275641   0.458510226844   10.573961744827
11.458739673547   15.000000000000   1.000000000000   3.046279835657   100.000000000000   0.993076039609   -0.699866272483   0.455694298934   10.570928683343
11.466363923511   15.000000000000   1.000000000000   3.046279835657   100.000000000000   0.993585137393   -0.694355062383   0.452913971686   10.568017829175
11.474103525942   15.000000000000   1.000000000000   3.046279835657   100.000000000000   0.994099156528   -0.689355425209   0.450168060501   10.565226393763
11.481967334178   15.000000000000   1.000000000000   3.046279835657   100.000000000000   0.994618253882   -0.684206990629   0.447453720667   10.562551131615
11.489965587603   15.000000000000   1.000000000000   3.046279835657   100.000000000000   0.995142544413   -0.678896303358   0.444767995542   10.559991911034
11.498105521821   15.000000000000   1.000000000000   3.046279835657   100.000000000000   0.995671961987   -0.673413077291   0.442109275763   10.557553273697
11.506388794742   15.000000000000   1.000000000000   3.046279835657   100.000000000000   0.996206219846   -0.668399587830   0.439477910653   10.555243047594
11.514812386868   15.000000000000   1.000000000000   3.046279835657   100.000000000000   0.996744905510   -0.663310673039   0.436875531563   10.553068839855
11.523372814596   15.000000000000   1.000000000000   3.046279835657   100.000000000000   0.997287647574   -0.658060435722   0.434303401219   10.551027727444
11.532056323610   15.000000000000   1.000000000000   3.046279835657   100.000000000000   0.997833896778   -0.652665257821   0.431769049751   10.549200606194
11.540868329560   15.000000000000   1.000000000000   3.046279835657   100.000000000000   0.998383435963   -0.647594334742   0.429268236868   10.547528506884
11.549820605681   15.000000000000   1.000000000000   3.046279835657   100.000000000000   0.998936532846   -0.642609748534   0.426797475025   10.546001393425
11.558920323494   15.000000000000   1.000000000000   3.046279835657   100.000000000000   0.999493094561   -0.637460843275   0.424355290303   10.544625080933
11.568173071505   15.000000000000   1.000000000000   3.046279835657   100.000000000000   1.000052876340   -0.632139944983   0.421940643433   10.543405800359
11.577580598353   15.000000000000   1.000000000000   3.046279835657   100.000000000000   1.000615457203   -0.627066515727   0.419553505306   10.542351153044
11.587140918676   15.000000000000   1.000000000000   3.046279835657   100.000000000000   1.001180304602   -0.622137524179   0.417194709306   10.541468619849
11.596850536614   15.000000000000   1.000000000000   3.046279835657   100.000000000000   1.001746890551   -0.617045599905   0.414865306440   10.540763888641
11.606707282704   15.000000000000   1.000000000000   3.046279835657   100.000000000000   1.002314784196   -0.611787990188   0.412565871437   10.540240204103
11.616712000114   15.000000000000   1.000000000000   3.046279835657   100.000000000000   1.002883652485   -0.606688234440   0.410296171103   10.539898808229
11.626868342067   15.000000000000   1.000000000000   3.046279835657   100.000000000000   1.003453230682   -0.601832356155   0.408055303110   10.539741163026
11.637180894856   15.000000000000   1.000000000000   3.046279835657   100.000000000000   1.004023189300   -0.596810557750   0.405842168146   10.539769243161
11.647653002739   15.000000000000   1.000000000000   3.046279835657   100.000000000000   1.004593077374   -0.591617406585   0.403655941645   10.539985936380
11.658285688433   15.000000000000   1.000000000000   3.046279835657   100.000000000000   1.005162331591   -0.586575595174   0.401496257720   10.540394162259
11.669078269663   15.000000000000   1.000000000000   3.046279835657   100.000000000000   1.005730351467   -0.581769178885   0.399363031796   10.540995246601
11.680031016825   15.000000000000   1.000000000000   3.046279835657   100.000000000000   1.006296627321   -0.576793666703   0.397255899545   10.541786002329
11.691148968291   15.000000000000   1.000000000000   3.046279835657   100.000000000000   1.006860875890   -0.571642759711   0.395173510952   10.542754693212
11.702361925918   15.000000000000   1.000000000000   3.046279835657   100.000000000000   1.007419839491   -0.566642133526   0.393130127515   10.544049739464
11.713727914132   15.000000000000   1.000000000000   3.046279835657   100.000000000000   1.007975127159   -0.561918437465   0.391112104718   10.545512960700
11.725257029950   15.000000000000   1.000000000000   3.046279835657   100.000000000000   1.008526743162   -0.557024085294   0.389117541443   10.547168489557
11.736954018762   15.000000000000   1.000000000000   3.046279835657   100.000000000000   1.009074283295   -0.551954642998   0.387145268060   10.549017049356
11.748814949725   15.000000000000   1.000000000000   3.046279835657   100.000000000000   1.009616919866   -0.547027688299   0.385195561948   10.551065232991
11.760750789776   15.000000000000   1.000000000000   3.046279835657   100.000000000000   1.010149882005   -0.542369601142   0.383282126846   10.553380931362
11.772862513048   15.000000000000   1.000000000000   3.046279835657   100.000000000000   1.010677420884   -0.537533332705   0.381387545531   10.555875871782
11.785146947903   15.000000000000   1.000000000000   3.046279835657   100.000000000000   1.011198764094   -0.532519348081   0.379511987982   10.558561796642
11.797604823016   15.000000000000   1.000000000000   3.046279835657   100.000000000000   1.011713325810   -0.527627635521   0.377654942946   10.561438102262
11.810241691862   15.000000000000   1.000000000000   3.046279835657   100.000000000000   1.012259813872   -0.522967599812   0.375815204973   10.564500835136
11.823076371987   15.000000000000   1.000000000000   3.046279835657   100.000000000000   1.012820963820   -0.518119478573   0.373989791461   10.567734338312
11.835979711015   15.000000000000   1.000000000000   3.046279835657   100.000000000000   1.013369792117   -0.513136748417   0.372195877762   10.571237403723
11.848995196560   15.000000000000   1.000000000000   3.046279835657   100.000000000000   1.013907964452   -0.508365556718   0.370426250963   10.574928372079
11.862228711650   15.000000000000   1.000000000000   3.046279835657   100.000000000000   1.014438734391   -0.503730020726   0.368665564251   10.578902558027
11.875567912752   15.000000000000   1.000000000000   3.046279835657   100.000000000000   1.014957328100   -0.498937717658   0.366928421268   10.583047300751
11.889098570888   15.000000000000   1.000000000000   3.046279835657   100.000000000000   1.015466764650   -0.493958190128   0.365203120753   10.587351276845
11.902708178787   15.000000000000   1.000000000000   3.046279835657   100.000000000000   1.015961532764   -0.489227394998   0.363503107278   10.591877398259
11.916308971266   15.000000000000   1.000000000000   3.046279835657   100.000000000000   1.016437651878   -0.484672000581   0.361837616582   10.596648158496
11.930072117529   15.000000000000   1.000000000000   3.046279835657   100.000000000000   1.016901945010   -0.479940436004   0.360184811421   10.601567211771
11.943982138213   15.000000000000   1.000000000000   3.046279835657   100.000000000000   1.017353105164   -0.475039266126   0.358546042789   10.606645891925
11.958030728318   15.000000000000   1.000000000000   3.046279835657   100.000000000000   1.017790243870   -0.470423049981   0.356921758038   10.611881798862
11.972215231867   15.000000000000   1.000000000000   3.046279835657   100.000000000000   1.018212719158   -0.465848428504   0.355311754252   10.617270280717
11.986536824396   15.000000000000   1.000000000000   3.046279835657   100.000000000000   1.018620007057   -0.461104932724   0.353715441467   10.622805594272
12.001000898936   15.000000000000   1.000000000000   3.046279835657   100.000000000000   1.019011894058   -0.456193620862   0.352131920232   10.628479148085
12.051000000000   15.000000000000   1.000000000000   3.046279835657   100.000000000000   1.020214434645   -0.440353754909   0.346862793103   10.648775894798
12.101000000000   15.000000000000   1.000000000000   3.046279835657   100.000000000000   1.021192413250   -0.424938442945   0.341887225627   10.669650534709
12.151000000000   15.000000000000   1.000000000000   3.046279835657   100.000000000000   1.021956939704   -0.409870808363   0.337173512965   10.691008646905
12.201000000000   15.000000000000   1.000000000000   3.046279835657   100.000000000000   1.022524963027   -0.395136069495   0.332696142917   10.712805697351
12.251000000000   15.000000000000   1.000000000000   3.046279835657   100.000000000000   1.022912695380   -0.380666458531   0.328433394262   10.734900846331
12.301000000000   15.000000000000   1.000000000000   3.046279835657   100.000000000000   1.023185689018   -0.366849715537   0.324355478897   10.757787830765
12.351000000000   15.000000000000   1.000000000000   3.046279835657   100.000000000000   1.023487260600   -0.353300578743   0.320464730439   10.780437604602
12.401000000000   15.000000000000   1.000000000000   3.046279835657   100.000000000000   1.023589155896   -0.339804921101   0.316720418106   10.804335659279
12.451000000000   15.000000000000   1.000000000000   3.046279835657   100.000000000000   1.023553467448   -0.326592649430   0.313134993646   10.828019937596
12.501000000000   15.000000000000   1.000000000000   3.046279835657   100.000000000000   1.023392594659   -0.313890386149   0.309700919903   10.851478178561
12.551000000000   15.000000000000   1.000000000000   3.046279835657   100.000000000000   1.023130674189   -0.301288831357   0.306413350173   10.874606908534
12.601000000000   15.000000000000   1.000000000000   3.046279835657   100.000000000000   1.022786874103   -0.289044218293   0.303260099558   10.897505891481
12.651000000000   15.000000000000   1.000000000000   3.046279835657   100.000000000000   1.022370490859   -0.277229121310   0.300230011641   10.920378484007
12.701000000000   15.000000000000   1.000000000000   3.046279835657   100.000000000000   1.021872061840   -0.265414237228   0.297312109523   10.943324470944
12.751000000000   15.000000000000   1.000000000000   3.046279835657   100.000000000000   1.021346260239   -0.254166221288   0.294500444552   10.966710842525
12.801000000000   15.000000000000   1.000000000000   3.046279835657   100.000000000000   1.020918507704   -0.242862798311   0.291792396332   10.989673503013
12.851000000000   15.000000000000   1.000000000000   3.046279835657   100.000000000000   1.020405365603   -0.231983819380   0.289171963206   11.012863583665
12.901000000000   15.000000000000   1.000000000000   3.046279835657   100.000000000000   1.019810130801   -0.221069814051   0.286634192827   11.036232558704
12.951000000000   15.000000000000   1.000000000000   3.046279835657   100.000000000000   1.019172336456   -0.210595022305   0.284184934895   11.059373416079
13.001000000000   15.000000000000   1.000000000000   3.046279835657   100.000000000000   1.018519858584   -0.200153525257   0.281820685307   11.082180268674
13.051000000000   15.000000000000   1.000000000000   3.046279835657   100.000000000000   1.017886808929   -0.190315581068   0.279533730778   11.104501728765
