0.150000000000   15.000000000000   0.000000000000   3.046279835657   100.000000000000   0.304467359659   -0.406938184784   0.446293347752   1.488101804981
0.700000000000   15.000000000000   1.250000000000   3.046279835657   100.000000000000   0.365901463837   -0.279214906779   0.467077602834   1.285001934560
0.750000000000   15.000000000000   1.250000000000   3.046279835657   100.000000000000   0.371864628221   -0.274531987156   0.469271510426   1.288941953136
0.800000000000   15.000000000000   1.250000000000   3.046279835657   100.000000000000   0.377573528735   -0.270002697079   0.471407747387   1.293755334189
0.850000000000   15.000000000000   1.250000000000   3.046279835657   100.000000000000   0.383053139281   -0.265768278239   0.473500495247   1.299325196886
0.900000000000   15.000000000000   1.250000000000   3.046279835657   100.000000000000   0.388324781701   -0.261668537406   0.475563337773   1.305555704395
0.950000000000   15.000000000000   1.250000000000   3.046279835657   100.000000000000   0.393406883349   -0.257674670014   0.477609083718   1.312369883912
1.000000000000   15.000000000000   1.250000000000   3.046279835657   100.000000000000   0.398350948927   -0.253883973026   0.479649604411   1.319707190184
1.050000000000   15.000000000000   1.250000000000   3.046279835657   100.000000000000   0.403194333216   -0.250247279229   0.481695707754   1.327521088613
1.100000000000   15.000000000000   1.250000000000   3.046279835657   100.000000000000   0.407884786029   -0.246703001149   0.483757054751   1.335776815177
1.150000000000   15.000000000000   1.250000000000   3.046279835657   100.000000000000   0.412434329637   -0.243250438847   0.485842114855   1.344449379953
1.200000000000   15.000000000000   1.250000000000   3.046279835657   100.000000000000   0.416853765044   -0.239992730024   0.487958151985   1.353521827425
1.250000000000   15.000000000000   1.250000000000   3.046279835657   100.000000000000   0.421152854430   -0.236862159152   0.490111232029   1.362983737539
1.300000000000   15.000000000000   1.250000000000   3.046279835657   100.000000000000   0.425340468866   -0.233825260922   0.492306243590   1.372829941726
1.350000000000   15.000000000000   1.250000000000   3.046279835657   100.000000000000   0.429424709158   -0.230884270881   0.494546925314   1.383059425622
1.400000000000   15.000000000000   1.250000000000   3.046279835657   100.000000000000   0.433413005655   -0.228041729905   0.496835894975   1.393674392245
1.450000000000   15.000000000000   1.250000000000   3.046279835657   100.000000000000   0.437312201434   -0.225300240604   0.499174677271   1.404679464389
1.500000000000   15.000000000000   1.250000000000   3.046279835657   100.000000000000   0.441128622129   -0.222719971910   0.501563728452   1.416081004180
1.550000000000   15.000000000000   1.250000000000   3.046279835657   100.000000000000   0.444868134937   -0.220278225139   0.504002457200   1.427886534945
1.600000000000   15.000000000000   1.250000000000   3.046279835657   100.000000000000   0.448536198688   -0.217937414490   0.506489241541   1.440104246765
1.650000000000   15.000000000000   1.250000000000   3.046279835657   100.000000000000   0.452137906467   -0.215698137815   0.509021442369   1.452742571400
1.700000000000   15.000000000000   1.250000000000   3.046279835657   100.000000000000   0.455692056874   -0.213560409716   0.511595414545   1.465809813914
1.750000000000   15.000000000000   1.250000000000   3.046279835657   100.000000000000   0.459213596428   -0.211523561993   0.514206516407   1.479313824523
1.800000000000   15.000000000000   1.250000000000   3.046279835657   100.000000000000   0.462679627765   -0.209586158707   0.516849119471   1.493261703579
1.850000000000   15.000000000000   1.250000000000   3.046279835657   100.000000000000   0.466094137281   -0.207745924323   0.519516619633   1.507659525951
1.900000000000   15.000000000000   1.250000000000   3.046279835657   100.000000000000   0.469460866573   -0.205999685508   0.522201451957   1.522512078434
1.950000000000   15.000000000000   1.250000000000   3.046279835657   100.000000000000   0.472783329384   -0.204343327192   0.524895110989   1.537822601265
2.000000000000   15.000000000000   1.250000000000   3.046279835657   100.000000000000   0.476064825507   -0.202771763749   0.527588178534   1.553592522658
2.050000000000   15.000000000000   1.250000000000   3.046279835657   100.000000000000   0.479308452000   -0.201278926832   0.530270361238   1.569821179852
2.100000000000   15.000000000000   1.250000000000   3.046279835657   100.000000000000   0.482517112052   -0.199857772783   0.532930541172   1.586505531916
2.150000000000   15.000000000000   1.250000000000   3.046279835657   100.000000000000   0.485693521894   -0.198500313000   0.535556842920   1.603639879962
2.200000000000   15.000000000000   1.250000000000   3.046279835657   100.000000000000   0.488840216141   -0.197197670941   0.538136720322   1.621215618119
2.250000000000   15.000000000000   1.250000000000   3.046279835657   100.000000000000   0.491959551871   -0.195940167548   0.540657064077   1.639221017149
2.300000000000   15.000000000000   1.250000000000   3.046279835657   100.000000000000   0.495053711475   -0.194717432360   0.543104328511   1.657641007774
2.350000000000   15.000000000000   1.250000000000   3.046279835657   100.000000000000   0.498124704408   -0.193518538853   0.545464676992   1.676456955141
2.400000000000   15.000000000000   1.250000000000   3.046279835657   100.000000000000   0.501174368469   -0.192332167539   0.547724148966   1.695646509034
2.450000000000   15.000000000000   1.250000000000   3.046279835657   100.000000000000   0.504204371177   -0.191146793914   0.549868847291   1.715183611834
2.500000000000   15.000000000000   1.250000000000   3.046279835657   100.000000000000   0.507216211140   -0.189950891012   0.551885137356   1.735038599932
2.550000000000   15.000000000000   1.250000000000   3.046279835657   100.000000000000   0.510211218697   -0.188733133176   0.553759846903   1.755178224276
2.600000000000   15.000000000000   1.250000000000   3.046279835657   100.000000000000   0.513190556349   -0.187482602544   0.555480467325   1.775565665161
2.650000000000   15.000000000000   1.250000000000   3.046279835657   100.000000000000   0.516155220070   -0.186188992091   0.557035355812   1.796160805209
2.700000000000   15.000000000000   1.250000000000   3.046279835657   100.000000000000   0.519106041399   -0.184842789074   0.558413925945   1.816920690777
2.750000000000   15.000000000000   1.250000000000   3.046279835657   100.000000000000   0.522043688901   -0.183435433907   0.559606816201   1.837799763106
2.800000000000   15.000000000000   1.250000000000   3.046279835657   100.000000000000   0.524968669573   -0.181959463430   0.560606041734   1.858749947729
2.850000000000   15.000000000000   1.250000000000   3.046279835657   100.000000000000   0.527881331563   -0.180408619009   0.561405123172   1.879721126468
2.900000000000   15.000000000000   1.250000000000   3.046279835657   100.000000000000   0.530781869113   -0.178778951757   0.561999199875   1.900661831063
2.950000000000   15.000000000000   1.250000000000   3.046279835657   100.000000000000   0.533670325621   -0.177096387070   0.562385092121   1.921519482519
3.000000000000   15.000000000000   1.250000000000   3.046279835657   100.000000000000   0.536546596607   -0.175319582481   0.562561332286   1.942240466439
3.050000000000   15.000000000000   1.250000000000   3.046279835657   100.000000000000   0.539410443189   -0.173446301312   0.562528275483   1.962770826402
3.100000000000   15.000000000000   1.250000000000   3.046279835657   100.000000000000   0.542261490579   -0.171475573612   0.562287958346   1.983056913317
3.150000000000   15.000000000000   1.250000000000   3.046279835657   100.000000000000   0.545099248434   -0.169407700287   0.561844214591   2.003045710498
3.200000000000   15.000000000000   1.250000000000   3.046279835657   100.000000000000   0.547937791099   -0.167244136859   0.561202448920   2.022684800009
3.250000000000   15.000000000000   1.250000000000   3.046279835657   100.000000000000   0.550800434737   -0.164987456171   0.560369727664   2.041923138854
3.300000000000   15.000000000000   1.250000000000   3.046279835657   100.000000000000   0.553652232928   -0.162686312725   0.559354598884   2.060711750793
3.350000000000   15.000000000000   1.250000000000   3.046279835657   100.000000000000   0.556492453406   -0.160321618435   0.558166809645   2.079003903883
3.400000000000   15.000000000000   1.250000000000   3.046279835657   100.000000000000   0.559320323656   -0.157893456011   0.556817433833   2.096755497186
3.450000000000   15.000000000000   1.250000000000   3.046279835657   100.000000000000   0.562135035029   -0.155408358273   0.555318540038   2.113925417503
3.500000000000   15.000000000000   1.250000000000   3.046279835657   100.000000000000   0.564935761729   -0.152873328429   0.553683005691   2.130476271588
3.550000000000   15.000000000000   1.250000000000   3.046279835657   100.000000000000   0.567721679809   -0.150295753172   0.551924319044   2.146374999452
3.600000000000   15.000000000000   1.250000000000   3.046279835657   100.000000000000   0.570491985589   -0.147683381521   0.550056369444   2.161593379855
3.650000000000   15.000000000000   1.250000000000   3.046279835657   100.000000000000   0.573245913611   -0.145044351771   0.548093241148   2.176108621059
3.700000000000   15.000000000000   1.250000000000   3.046279835657   100.000000000000   0.575982751361   -0.142387238574   0.546049004273   2.189904123678
3.750000000000   15.000000000000   1.250000000000   3.046279835657   100.000000000000   0.578701849004   -0.139743790020   0.543937507565   2.202970412162
3.800000000000   15.000000000000   1.250000000000   3.046279835657   100.000000000000   0.581402623840   -0.137295539172   0.541772193260   2.215306114693
3.850000000000   15.000000000000   1.250000000000   3.046279835657   100.000000000000   0.584084558340   -0.134876113765   0.539565946630   2.226918951892
3.900000000000   15.000000000000   1.250000000000   3.046279835657   100.000000000000   0.586747191429   -0.132495880730   0.537330991934   2.237826796963
3.950000000000   15.000000000000   1.250000000000   3.046279835657   100.000000000000   0.589408936102   -0.130166138545   0.535078840793   2.248058670936
4.000000000000   15.000000000000   1.250000000000   3.046279835657   100.000000000000   0.592159401235   -0.127899426714   0.532820301793   2.257655705955
4.050000000000   15.000000000000   1.250000000000   3.046279835657   100.000000000000   0.594896776623   -0.125924402257   0.530565558315   2.266672017420
4.100000000000   15.000000000000   1.250000000000   3.046279835657   100.000000000000   0.597620885025   -0.124126578367   0.528324314623   2.275175307598
4.150000000000   15.000000000000   1.250000000000   3.046279835657   100.000000000000   0.600331450103   -0.122448692071   0.526106011759   2.283247245000
4.200000000000   15.000000000000   1.250000000000   3.046279835657   100.000000000000   0.603028034532   -0.120908179876   0.523920104481   2.290983506394
4.250000000000   15.000000000000   1.250000000000   3.046279835657   100.000000000000   0.605709972460   -0.119578156253   0.521776381655   2.298493375518
4.300000000000   15.000000000000   1.250000000000   3.046279835657   100.000000000000   0.608376300028   -0.118676051514   0.519685317455   2.305898928768
4.350000000000   15.000000000000   1.250000000000   3.046279835657   100.000000000000   0.611025685985   -0.117975625557   0.517658418559   2.313333756761
4.400000000000   15.000000000000   1.250000000000   3.046279835657   100.000000000000   0.613656367122   -0.117500499246   0.515708543819   2.320941220786
4.450000000000   15.000000000000   1.250000000000   3.046279835657   100.000000000000   0.616266089845   -0.117276657927   0.513850154749   2.328872227413
4.500000000000   15.000000000000   1.250000000000   3.046279835657   100.000000000000   0.619013036557   -0.117332046012   0.512099474264   2.337282642850
4.550000000000   15.000000000000   1.250000000000   3.046279835657   100.000000000000   0.621792985268   -0.117913794600   0.510474526164   2.346330403161
4.600000000000   15.000000000000   1.250000000000   3.046279835657   100.000000000000   0.624554380068   -0.118819902929   0.508995030437   2.356172406321
4.650000000000   15.000000000000   1.250000000000   3.046279835657   100.000000000000   0.627293063905   -0.120062659314   0.507682158756   2.366961359522
4.700000000000   15.000000000000   1.250000000000   3.046279835657   100.000000000000   0.630004244334   -0.121664560602   0.506558157241   2.378842736478
4.750000000000   15.000000000000   1.250000000000   3.046279835657   100.000000000000   0.632682505663   -0.123645263678   0.505645858768   2.391952009894
4.800000000000   15.000000000000   1.250000000000   3.046279835657   100.000000000000   0.635321830585   -0.126020317067   0.504968119448   2.406412287810
4.850000000000   15.000000000000   1.250000000000   3.046279835657   100.000000000000   0.637915627301   -0.128799972468   0.504547224342   2.422332481839
4.900000000000   15.000000000000   1.250000000000   3.046279835657   100.000000000000   0.640718223430   -0.131988166131   0.504404306522   2.439806055076
4.950000000000   15.000000000000   1.250000000000   3.046279835657   100.000000000000   0.643523842145   -0.135581775005   0.504558830790   2.458910447827
5.000000000000   15.000000000000   1.250000000000   3.046279835657   100.000000000000   0.646276972841   -0.139570266569   0.505028199633   2.479707338826
5.050000000000   15.000000000000   1.250000000000   3.046279835657   100.000000000000   0.648969072908   -0.143935760185   0.505827495328   2.502243620750
5.100000000000   15.000000000000   1.250000000000   3.046279835657   100.000000000000   0.651591055362   -0.148653344032   0.506969284905   2.526552343335
5.150000000000   15.000000000000   1.250000000000   3.046279835657   100.000000000000   0.654133269756   -0.153850865347   0.508463479706   2.552653373895
5.200000000000   15.000000000000   1.250000000000   3.046279835657   100.000000000000   0.656585491130   -0.159540492896   0.510317447601   2.580555308195
5.250000000000   15.000000000000   1.250000000000   3.046279835657   100.000000000000   0.659312344695   -0.165524026870   0.512536306718   2.610258288182
5.300000000000   15.000000000000   1.250000000000   3.046279835657   100.000000000000   0.661987149246   -0.171754466234   0.515122975358   2.641754211593
5.350000000000   15.000000000000   1.250000000000   3.046279835657   100.000000000000   0.664555617996   -0.178354395226   0.518078387661   2.675027584817
5.400000000000   15.000000000000   1.250000000000   3.046279835657   100.000000000000   0.667004691299   -0.185480866650   0.521402059351   2.710059202815
5.450000000000   15.000000000000   1.250000000000   3.046279835657   100.000000000000   0.669320453883   -0.192747245316   0.525092090469   2.746824686033
5.500000000000   15.000000000000   1.250000000000   3.046279835657   100.000000000000   0.671488122618   -0.200301459221   0.529145579889   2.785296217862
5.550000000000   15.000000000000   1.250000000000   3.046279835657   100.000000000000   0.673948648069   -0.208362719142   0.533558982050   2.825444271996
5.600000000000   15.000000000000   1.250000000000   3.046279835657   100.000000000000   0.676323632551   -0.216449479818   0.538328096694   2.867235401994
5.650000000000   15.000000000000   1.250000000000   3.046279835657   100.000000000000   0.678519860345   -0.224967487992   0.543448623040   2.910636223324
5.700000000000   15.000000000000   1.250000000000   3.046279835657   100.000000000000   0.680518128882   -0.233718414753   0.548915952930   2.955609755700
5.750000000000   15.000000000000   1.250000000000   3.046279835657   100.000000000000   0.682298334096   -0.242545830103   0.554725640976   3.002119373945
5.800000000000   15.000000000000   1.250000000000   3.046279835657   100.000000000000   0.683931443823   -0.251906431589   0.560873142001   3.050124964625
5.850000000000   15.000000000000   1.250000000000   3.046279835657   100.000000000000   0.685868388651   -0.261146266282   0.567354164699   3.099586686551
5.900000000000   15.000000000000   1.250000000000   3.046279835657   100.000000000000   0.687539956576   -0.270912479744   0.574164377408   3.150461221214
5.950000000000   15.000000000000   1.250000000000   3.046279835657   100.000000000000   0.688921980005   -0.280662766129   0.581299621057   3.202705382891
6.000000000000   15.000000000000   1.250000000000   3.046279835657   100.000000000000   0.689990420090   -0.290713604515   0.588755596569   3.256272198495
6.050000000000   15.000000000000   1.250000000000   3.046279835657   100.000000000000   0.690721949646   -0.300945967063   0.596527980400   3.311114068072
6.100000000000   15.000000000000   1.250000000000   3.046279835657   100.000000000000   0.691828140689   -0.311231317712   0.604612212067   3.367180093819
6.150000000000   15.000000000000   1.250000000000   3.046279835657   100.000000000000   0.692588849499   -0.321915225349   0.613003452031   3.424417748483
6.200000000000   15.000000000000   1.250000000000   3.046279835657   100.000000000000   0.692954863643   -0.332456025472   0.621696526895   3.482772521840
6.250000000000   15.000000000000   1.250000000000   3.046279835657   100.000000000000   0.692907185429   -0.343583439621   0.630685831686   3.542186899809
6.300000000000   15.000000000000   1.250000000000   3.046279835657   100.000000000000   0.692431122206   -0.354479576763   0.639965462921   3.602603255447
6.350000000000   15.000000000000   1.250000000000   3.046279835657   100.000000000000   0.692151946558   -0.365903316394   0.649529165049   3.663961451431
6.400000000000   15.000000000000   1.250000000000   3.046279835657   100.000000000000   0.691593206021   -0.377222110710   0.659370429784   3.726202521577
6.450000000000   15.000000000000   1.250000000000   3.046279835657   100.000000000000   0.690571807482   -0.388905988306   0.669482636067   3.789267161392
6.500000000000   15.000000000000   1.250000000000   3.046279835657   100.000000000000   0.689090365308   -0.400653405628   0.679859165718   3.853097416431
6.550000000000   15.000000000000   1.250000000000   3.046279835657   100.000000000000   0.687159403856   -0.412572027824   0.690493578682   3.917638691277
6.600000000000   15.000000000000   1.250000000000   3.046279835657   100.000000000000   0.685255841149   -0.424746437927   0.701379605149   3.982838166856
6.650000000000   15.000000000000   1.250000000000   3.046279835657   100.000000000000   0.683212533545   -0.436945056520   0.712511123149   4.048648091731
6.700000000000   15.000000000000   1.250000000000   3.046279835657   100.000000000000   0.680739888197   -0.449552107916   0.723882311826   4.115023330202
6.750000000000   15.000000000000   1.250000000000   3.046279835657   100.000000000000   0.677871104980   -0.462015266862   0.735487454367   4.181923777228
6.800000000000   15.000000000000   1.250000000000   3.046279835657   100.000000000000   0.674646742718   -0.475049037435   0.747320843794   4.249313772333
6.850000000000   15.000000000000   1.250000000000   3.046279835657   100.000000000000   0.671114056087   -0.487820734088   0.759376452606   4.317160833545
6.900000000000   15.000000000000   1.250000000000   3.046279835657   100.000000000000   0.667326228144   -0.501275622874   0.771647863268   4.385437447224
6.950000000000   15.000000000000   1.250000000000   3.046279835657   100.000000000000   0.663819752314   -0.514422458732   0.784128341050   4.454118740600
7.000000000000   15.000000000000   1.250000000000   3.046279835657   100.000000000000   0.667797927957   -0.528193661814   0.796810409643   4.523185457643
7.050000000000   15.000000000000   1.250000000000   3.046279835657   100.000000000000   0.671778589426   -0.541721465558   0.809685923805   4.592620859218
7.100000000000   15.000000000000   1.250000000000   3.046279835657   100.000000000000   0.675758559904   -0.555818505512   0.822745895010   4.662412619576
7.150000000000   15.000000000000   1.250000000000   3.046279835657   100.000000000000   0.679734763491   -0.569705395489   0.835981085239   4.732552265962
7.200000000000   15.000000000000   1.250000000000   3.046279835657   100.000000000000   0.683704232998   -0.584092330791   0.849381665415   4.803035752036
7.250000000000   15.000000000000   1.250000000000   3.046279835657   100.000000000000   0.687664096583   -0.598311483247   0.862937403851   4.873862917096
7.300000000000   15.000000000000   1.250000000000   3.046279835657   100.000000000000   0.691611630965   -0.613019220786   0.876637494046   4.945035816771
7.350000000000   15.000000000000   1.250000000000   3.046279835657   100.000000000000   0.695544285031   -0.627545847417   0.890471897810   5.016561015897
7.400000000000   15.000000000000   1.250000000000   3.046279835657   100.000000000000   0.699459595368   -0.642539377481   0.904430192445   5.088447025323
7.450000000000   15.000000000000   1.250000000000   3.046279835657   100.000000000000   0.703355328879   -0.657350595820   0.918501222980   5.160704543100
7.500000000000   15.000000000000   1.250000000000   3.046279835657   100.000000000000   0.707229548442   -0.672664856998   0.932675059424   5.233344045288
7.550000000000   15.000000000000   1.250000000000   3.046279835657   100.000000000000   0.711080649895   -0.687741693234   0.946941313792   5.306377294783
7.600000000000   15.000000000000   1.250000000000   3.046279835657   100.000000000000   0.714907205494   -0.703348047155   0.961290217570   5.379814983658
7.650000000000   15.000000000000   1.250000000000   3.046279835657   100.000000000000   0.718708105708   -0.718676602077   0.975711964281   5.453666123251
7.700000000000   15.000000000000   1.250000000000   3.046279835657   100.000000000000   0.722482562094   -0.734614677233   0.990197531576   5.527934845479
7.750000000000   15.000000000000   1.250000000000   3.046279835657   100.000000000000   0.726230084245   -0.750184150840   1.004739030390   5.602622691267
7.800000000000   15.000000000000   1.250000000000   3.046279835657   100.000000000000   0.729950281127   -0.766427708965   1.019330622822   5.677725878464
7.850000000000   15.000000000000   1.250000000000   3.046279835657   100.000000000000   0.733643043153   -0.782296092504   1.033967682543   5.753234162018
7.900000000000   15.000000000000   1.250000000000   3.046279835657   100.000000000000   0.737308586039   -0.798820575127   1.048649201732   5.829129793943
7.950000000000   15.000000000000   1.250000000000   3.046279835657   100.000000000000   0.740947344518   -0.814997144422   1.063378155101   5.905391020849
8.000000000000   15.000000000000   1.250000000000   3.046279835657   100.000000000000   0.744589518828   -0.831768556026   1.078162013550   5.981990925150
8.050000000000   15.000000000000   1.250000000000   3.046279835657   100.000000000000   0.748311209283   -0.848293531964   1.093013702875   6.058898760241
8.100000000000   15.000000000000   1.250000000000   3.046279835657   100.000000000000   0.752007893923   -0.865327204155   1.107952105586   6.136082282667
8.150000000000   15.000000000000   1.250000000000   3.046279835657   100.000000000000   0.755680251268   -0.882184212623   1.123002676727   6.213513059716
8.200000000000   15.000000000000   1.250000000000   3.046279835657   100.000000000000   0.759328958251   -0.899521986257   1.138196865561   6.291167089733
8.250000000000   15.000000000000   1.250000000000   3.046279835657   100.000000000000   0.762954856853   -0.916788719978   1.153571623157   6.369026011442
8.300000000000   15.000000000000   1.250000000000   3.046279835657   100.000000000000   0.766558966542   -0.934487343874   1.169168184918   6.447080627601
8.350000000000   15.000000000000   1.250000000000   3.046279835657   100.000000000000   0.770142150234   -0.952212046290   1.185031177572   6.525332748551
8.400000000000   15.000000000000   1.250000000000   3.046279835657   100.000000000000   0.773705195691   -0.970354001461   1.201204817425   6.603792814164
8.450000000000   15.000000000000   1.250000000000   3.046279835657   100.000000000000   0.777249004382   -0.988681913229   1.217732876392   6.682477644540
8.500000000000   15.000000000000   1.250000000000   3.046279835657   100.000000000000   0.780774489737   -1.007346479619   1.234656188156   6.761411797859
8.550000000000   15.000000000000   1.250000000000   3.046279835657   100.000000000000   0.784282233040   -1.026380666331   1.252011131933   6.840625075293
8.600000000000   15.000000000000   1.250000000000   3.046279835657   100.000000000000   0.787772676216   -1.045643006568   1.269828333912   6.920148095283
8.650000000000   15.000000000000   1.250000000000   3.046279835657   100.000000000000   0.791246376141   -1.065542119843   1.288131864924   7.000010586717
8.700000000000   15.000000000000   1.250000000000   3.046279835657   100.000000000000   0.794703639008   -1.085449662649   1.306939600482   7.080242930168
8.750000000000   15.000000000000   1.250000000000   3.046279835657   100.000000000000   0.798144448017   -1.106298344214   1.326261888921   7.160873066032
8.800000000000   15.000000000000   1.250000000000   3.046279835657   100.000000000000   0.801568886741   -1.127162134774   1.346102147006   7.241922758502
8.850000000000   15.000000000000   1.250000000000   3.046279835657   100.000000000000   0.804977086952   -1.148779109860   1.366457153716   7.323410809733
8.900000000000   15.000000000000   1.250000000000   3.046279835657   100.000000000000   0.808368827498   -1.170724101699   1.387316764840   7.405352693333
8.950000000000   15.000000000000   1.250000000000   3.046279835657   100.000000000000   0.811743905998   -1.193001156867   1.408664602358   7.487756319653
9.000000000000   15.000000000000   1.250000000000   3.046279835657   100.000000000000   0.815102364654   -1.216074579326   1.430477826900   7.570623713868
9.050000000000   15.000000000000   1.250000000000   3.046279835657   100.000000000000   0.818443940586   -1.239204685047   1.452727759998   7.653953002891
9.100000000000   15.000000000000   1.250000000000   3.046279835657   100.000000000000   0.821768295524   -1.263122665616   1.475380267994   7.737734145838
9.150000000000   15.000000000000   1.250000000000   3.046279835657   100.000000000000   0.825112637277   -1.287343783380   1.498395678912   7.821948475961
9.200000000000   15.000000000000   1.250000000000   3.046279835657   100.000000000000   0.828501458951   -1.311758878493   1.521729633033   7.906572091924
9.250000000000   15.000000000000   1.250000000000   3.046279835657   100.000000000000   0.831871641509   -1.336946335935   1.545333943809   7.991572788421
9.300000000000   15.000000000000   1.250000000000   3.046279835657   100.000000000000   0.835223120466   -1.362093435853   1.569158252726   8.076909798349
9.350000000000   15.000000000000   1.250000000000   3.046279835657   100.000000000000   0.838555747019   -1.387789816324   1.593151597899   8.162539100582
9.400000000000   15.000000000000   1.250000000000   3.046279835657   100.000000000000   0.841869240486   -1.413668474543   1.617263847578   8.248412840366
9.450000000000   15.000000000000   1.250000000000   3.046279835657   100.000000000000   0.845163613360   -1.439568498729   1.641448500686   8.334480481600
9.500000000000   15.000000000000   1.250000000000   3.046279835657   100.000000000000   0.848438944603   -1.466016252274   1.665665902705   8.420696325466
9.550000000000   15.000000000000   1.250000000000   3.046279835657   100.000000000000   0.851695163234   -1.492123383349   1.689885029207   8.507020715779
9.600000000000   15.000000000000   1.250000000000   3.046279835657   100.000000000000   0.854932357247   -1.518864638155   1.714082724346   8.593418290759
9.650000000000   15.000000000000   1.250000000000   3.046279835657   100.000000000000   0.858150730797   -1.545288875892   1.738244531462   8.679863775998
9.700000000000   15.000000000000   1.250000000000   3.046279835657   100.000000000000   0.861350295720   -1.572071702256   1.762368204237   8.766345654659
9.750000000000   15.000000000000   1.250000000000   3.046279835657   100.000000000000   0.864531003837   -1.598706820790   1.786460143787   8.852860204346
9.800000000000   15.000000000000   1.250000000000   3.046279835657   100.000000000000   0.867692928968   -1.625572157693   1.810527011143   8.939408621431
9.850000000000   15.000000000000   1.250000000000   3.046279835657   100.000000000000   0.870836069691   -1.652399078762   1.834577908726   9.026002192721
9.900000000000   15.000000000000   1.250000000000   3.046279835657   100.000000000000   0.873960261189   -1.679418679028   1.858628378747   9.112660535038
9.950000000000   15.000000000000   1.250000000000   3.046279835657   100.000000000000   0.877065409235   -1.706412915896   1.882688816058   9.199400988232
10.000000000000   15.000000000000   1.250000000000   3.046279835657   100.000000000000   0.880151557514   -1.733656042586   1.906755677609   9.286237284035
10.050000000000   15.000000000000   1.250000000000   3.046279835657   100.000000000000   0.883218701759   -1.760803692437   1.930821851459   9.373186660540
10.100000000000   15.000000000000   1.250000000000   3.046279835657   100.000000000000   0.886266796439   -1.788307181482   1.954879948813   9.460265458080
10.150000000000   15.000000000000   1.250000000000   3.046279835657   100.000000000000   0.889295964979   -1.815522654186   1.978905878494   9.547477909678
10.200000000000   15.000000000000   1.250000000000   3.046279835657   100.000000000000   0.892306503814   -1.843260164583   2.002856415205   9.634820094577
10.250000000000   15.000000000000   1.250000000000   3.046279835657   100.000000000000   0.895298701947   -1.870537052471   2.026688266125   9.722290720539
10.300000000000   15.000000000000   1.250000000000   3.046279835657   100.000000000000   0.898272861288   -1.898289575720   2.050359277679   9.809885894688
10.350000000000   15.000000000000   1.250000000000   3.046279835657   100.000000000000   0.901229483370   -1.925679359446   2.073810860738   9.897589912510
10.400000000000   15.000000000000   1.250000000000   3.046279835657   100.000000000000   0.904169252032   -1.953030317671   2.096972948553   9.985385233612
10.500000000000   15.000000000000   1.250000000000   3.046279835657   100.000000000000   0.910087544795   -2.007164155543   2.142203230765   10.161222470635
10.550000000000   15.000000000000   1.250000000000   3.046279835657   100.000000000000   0.913068417163   -2.034210827069   2.164155334267   10.249247692552
10.600000000000   15.000000000000   1.250000000000   3.046279835657   100.000000000000   0.916035441059   -2.060743556249   2.185575872734   10.337334200621
10.650000000000   15.000000000000   1.250000000000   3.046279835657   100.000000000000   0.918989462225   -2.086718986615   2.206413144387   10.425489189146
10.700000000000   15.000000000000   1.250000000000   3.046279835657   100.000000000000   0.921931316981   -2.112849056967   2.226616228375   10.513720907670
10.750000000000   15.000000000000   1.250000000000   3.046279835657   100.000000000000   0.924861946576   -2.138313293883   2.246115774871   10.602031985426
10.800000000000   15.000000000000   1.250000000000   3.046279835657   100.000000000000   0.927782334397   -2.163102514348   2.264836892087   10.690429722618
10.850000000000   15.000000000000   1.250000000000   3.046279835657   100.000000000000   0.930693439202   -2.187870840786   2.282712142681   10.778929229848
10.900000000000   15.000000000000   1.250000000000   3.046279835657   100.000000000000   0.933596305835   -2.211947797988   2.299665416513   10.867542227072
10.950000000000   15.000000000000   1.250000000000   3.046279835657   100.000000000000   0.936492160546   -2.235247143787   2.315596776496   10.956273009704
11.000000000000   15.000000000000   1.250000000000   3.046279835657   100.000000000000   0.939382334330   -2.257911662374   2.330393516905   11.045126682037
11.050000000000   15.000000000000   1.250000000000   3.046279835657   100.000000000000   0.942268197645   -2.280121502299   2.343941770765   11.134112038429
11.100000000000   15.000000000000   1.250000000000   3.046279835657   100.000000000000   0.945151266728   -2.301374725256   2.356115155464   11.223234173844
11.150000000000   15.000000000000   1.250000000000   3.046279835657   100.000000000000   0.948033318916   -2.321604009662   2.366761445775   11.312491420954
11.200000000000   15.000000000000   1.250000000000   3.046279835657   100.000000000000   0.950916382184   -2.340725989481   2.375705164416   11.401881094306
11.250000000000   15.000000000000   1.250000000000   3.046279835657   100.000000000000   0.953802702062   -2.359019568591   2.382753244139   11.491403156458
11.300000000000   15.000000000000   1.250000000000   3.046279835657   100.000000000000   0.956694831103   -2.376029962845   2.387685518786   11.581056668587
11.350000000000   15.000000000000   1.250000000000   3.046279835657   100.000000000000   0.959595808952   -2.391534349936   2.390234912545   11.670836237548
11.400000000000   15.000000000000   1.250000000000   3.046279835657   100.000000000000   0.962509327545   -2.405349907130   2.390071560643   11.760734143873
11.450000000000   15.000000000000   1.250000000000   3.046279835657   100.000000000000   0.965439941042   -2.417243020647   2.386784530339   11.850743708280
11.500000000000   15.000000000000   1.250000000000   3.046279835657   100.000000000000   0.968393482695   -2.426905133129   2.379842899912   11.940857836531
11.550000000000   15.000000000000   1.250000000000   3.046279835657   100.000000000000   0.971377847807   -2.433905601205   2.368520818706   12.031064700182
11.600000000000   15.000000000000   1.250000000000   3.046279835657   100.000000000000   0.974404358738   -2.437610496434   2.351768650173   12.121345211175
11.650000000000   15.000000000000   1.250000000000   3.046279835657   100.000000000000   0.977490427774   -2.437024700962   2.327963664082   12.211670417325
11.700000000000   15.000000000000   1.250000000000   3.046279835657   100.000000000000   0.980665768526   -2.430419603720   2.294327650768   12.301987835924
11.750000000000   15.000000000000   1.250000000000   3.046279835657   100.000000000000   0.983990537094   -2.414233059418   2.245221015210   12.392169088428
11.800000000000   15.000000000000   1.250000000000   3.046279835657   100.000000000000   0.987636187643   -2.378106611875   2.164522861746   12.481750071732
11.800100000000   15.000000000000   1.250000000000   3.046279835657   100.000000000000   0.987644114294   -2.377995170957   2.164300241677   12.481927655865
11.800200000000   15.000000000000   1.250000000000   3.046279835657   100.000000000000   0.987652044962   -2.377883482242   2.164077237523   12.482105228669
11.811521847881   15.000000000000   1.250000000000   3.046279835657   100.000000000000   0.988580693808   -2.363339523838   2.135894135705   12.502119721862
11.820455572097   15.000000000000   1.250000000000   3.046279835657   100.000000000000   0.989374704870   -2.348072332600   2.107827382841   12.517719671225
11.827260991155   15.000000000000   1.250000000000   3.046279835657   100.000000000000   0.990044884668   -2.332379917159   2.080246491947   12.529378022796
11.832250118343   15.000000000000   1.250000000000   3.046279835657   100.000000000000   0.990607454865   -2.316481217481   2.053271792368   12.537660477866
11.835699327481   15.000000000000   1.250000000000   3.046279835657   100.000000000000   0.991077254337   -2.300711653980   2.026958509698   12.543068007633
11.837844308566   15.000000000000   1.250000000000   3.046279835657   100.000000000000   0.991469502773   -2.284875568326   2.001322375715   12.546027289877
11.838882986300   15.000000000000   1.250000000000   3.046279835657   100.000000000000   0.991793712974   -2.269021627557   1.976354638435   12.546895855424
11.838980582706   15.000000000000   1.250000000000   3.046279835657   100.000000000000   0.992057199626   -2.253179960562   1.952031378451   12.545971413502
11.838274629136   15.000000000000   1.250000000000   3.046279835657   100.000000000000   0.992268069792   -2.237367725498   1.928320193869   12.543501327880
11.836880221055   15.000000000000   1.250000000000   3.046279835657   100.000000000000   0.992433170378   -2.221594034508   1.905185591569   12.539692691853
11.834894518024   15.000000000000   1.250000000000   3.046279835657   100.000000000000   0.992558308938   -2.206046626615   1.882593573155   12.534720975826
11.832400467461   15.000000000000   1.250000000000   3.046279835657   100.000000000000   0.992648441188   -2.190740844608   1.860515146647   12.528737012260
11.829469677156   15.000000000000   1.250000000000   3.046279835657   100.000000000000   0.992707824418   -2.175502255523   1.838928168020   12.521872038604
11.826164409926   15.000000000000   1.250000000000   3.046279835657   100.000000000000   0.992740137112   -2.160339034140   1.817817032335   12.514240732381
11.822538780592   15.000000000000   1.250000000000   3.046279835657   100.000000000000   0.992751230206   -2.145259353843   1.797170230082   12.505942530369
11.818639146045   15.000000000000   1.250000000000   3.046279835657   100.000000000000   0.992741676283   -2.130268757381   1.776976627548   12.497061515559
11.814504641996   15.000000000000   1.250000000000   3.046279835657   100.000000000000   0.992713562034   -2.115421035920   1.757221636323   12.487666905297
11.810168892569   15.000000000000   1.250000000000   3.046279835657   100.000000000000   0.992668917704   -2.100995715089   1.737884496724   12.477816257377
11.805659499498   15.000000000000   1.250000000000   3.046279835657   100.000000000000   0.992609459535   -2.086654669109   1.718939258694   12.467555402393
11.801000101908   15.000000000000   1.250000000000   3.046279835657   100.000000000000   0.992536686501   -2.072383896250   1.700357413479   12.456923385189
11.796212035133   15.000000000000   1.250000000000   3.046279835657   100.000000000000   0.992451948198   -2.058170533946   1.682112361628   12.445956761335
11.791315723037   15.000000000000   1.250000000000   3.046279835657   100.000000000000   0.992356502648   -2.044006622977   1.664184010707   12.434693004351
11.786331475093   15.000000000000   1.250000000000   3.046279835657   100.000000000000   0.992251553372   -2.029915516013   1.646561843864   12.423172031169
11.781280775342   15.000000000000   1.250000000000   3.046279835657   100.000000000000   0.992138340839   -2.016260696837   1.629244698792   12.411437604083
11.776183752373   15.000000000000   1.250000000000   3.046279835657   100.000000000000   0.992018009825   -2.002684409044   1.612238024516   12.399531056532
11.771057952388   15.000000000000   1.250000000000   3.046279835657   100.000000000000   0.991891569897   -1.989195780635   1.595547946338   12.387487107379
11.765916899670   15.000000000000   1.250000000000   3.046279835657   100.000000000000   0.991759835628   -1.975797647441   1.579174929993   12.375329836710
11.760769448656   15.000000000000   1.250000000000   3.046279835657   100.000000000000   0.991623395228   -1.962483419571   1.563109632888   12.363071300585
11.755620353101   15.000000000000   1.250000000000   3.046279835657   100.000000000000   0.991482630106   -1.949278870194   1.547332717755   12.350713754225
11.750471952808   15.000000000000   1.250000000000   3.046279835657   100.000000000000   0.991337787627   -1.936503328011   1.531818664955   12.338254949942
11.745326434069   15.000000000000   1.250000000000   3.046279835657   100.000000000000   0.991189088286   -1.923770122163   1.516542105314   12.325694780362
11.740187940374   15.000000000000   1.250000000000   3.046279835657   100.000000000000   0.991036835559   -1.911066658701   1.501484484184   12.313041070581
11.735063840459   15.000000000000   1.250000000000   3.046279835657   100.000000000000   0.990881491888   -1.898390718589   1.486638809532   12.300312466587
11.729964635841   15.000000000000   1.250000000000   3.046279835657   100.000000000000   0.990723688086   -1.885750638546   1.472010595459   12.287537020126
11.724902356593   15.000000000000   1.250000000000   3.046279835657   100.000000000000   0.990564150329   -1.873297551584   1.457614072369   12.274746364563
11.719887895896   15.000000000000   1.250000000000   3.046279835657   100.000000000000   0.990403561563   -1.861211096335   1.443464554190   12.261967266958
11.714928347281   15.000000000000   1.250000000000   3.046279835657   100.000000000000   0.990242410342   -1.849210129847   1.429569950104   12.249213996682
11.710025548596   15.000000000000   1.250000000000   3.046279835657   100.000000000000   0.990080893787   -1.837288149997   1.415925236711   12.236485007610
11.705176465345   15.000000000000   1.250000000000   3.046279835657   100.000000000000   0.989918917597   -1.825426467197   1.402512299968   12.223765466112
11.700374870479   15.000000000000   1.250000000000   3.046279835657   100.000000000000   0.989756173000   -1.813599218700   1.389304995271   12.211034000344
11.695615158809   15.000000000000   1.250000000000   3.046279835657   100.000000000000   0.989592362326   -1.802044116661   1.376276831681   12.198273685932
11.690895091378   15.000000000000   1.250000000000   3.046279835657   100.000000000000   0.989427375756   -1.790677935922   1.363409065329   12.185480297074
11.686216546936   15.000000000000   1.250000000000   3.046279835657   100.000000000000   0.989261357287   -1.779319096935   1.350696610789   12.172664945620
11.681585813577   15.000000000000   1.250000000000   3.046279835657   100.000000000000   0.989094748488   -1.767978396064   1.338149077136   12.159852836418
11.677011918830   15.000000000000   1.250000000000   3.046279835657   100.000000000000   0.988928199904   -1.756674772733   1.325786098318   12.147075738529
11.672503480576   15.000000000000   1.250000000000   3.046279835657   100.000000000000   0.988762370726   -1.745425924451   1.313628082849   12.134360582990
11.668065408214   15.000000000000   1.250000000000   3.046279835657   100.000000000000   0.988597698832   -1.734690501727   1.301686216376   12.121719094509
11.663697005558   15.000000000000   1.250000000000   3.046279835657   100.000000000000   0.988434247269   -1.724031014423   1.289956438195   12.109143372771
11.659390715917   15.000000000000   1.250000000000   3.046279835657   100.000000000000   0.988271599102   -1.713420450702   1.278420479292   12.096606747643
11.655138862470   15.000000000000   1.250000000000   3.046279835657   100.000000000000   0.988109264996   -1.702829495433   1.267050479785   12.084080538656
11.650932470872   15.000000000000   1.250000000000   3.046279835657   100.000000000000   0.987946640341   -1.692229633614   1.255819388710   12.071538685137
11.646765482820   15.000000000000   1.250000000000   3.046279835657   100.000000000000   0.987783315579   -1.681787860745   1.244709237360   12.058969674868
11.642636913548   15.000000000000   1.250000000000   3.046279835657   100.000000000000   0.987619265103   -1.671612081691   1.233716916653   12.046381970967
11.638551285917   15.000000000000   1.250000000000   3.046279835657   100.000000000000   0.987454907572   -1.661438658242   1.222854918306   12.033802298380
11.634516986200   15.000000000000   1.250000000000   3.046279835657   100.000000000000   0.987290993711   -1.651289314480   1.212145862523   12.021266384636
11.630542859792   15.000000000000   1.250000000000   3.046279835657   100.000000000000   0.987128338508   -1.641183899647   1.201612234025   12.008804959093
11.626634411940   15.000000000000   1.250000000000   3.046279835657   100.000000000000   0.986967504593   -1.631129652344   1.191265817730   11.996431084219
11.622791405477   15.000000000000   1.250000000000   3.046279835657   100.000000000000   0.986808584268   -1.621540545203   1.181101986776   11.984134881138
11.619007832630   15.000000000000   1.250000000000   3.046279835657   100.000000000000   0.986651171542   -1.612038443919   1.171101097729   11.971887630413
11.615273916365   15.000000000000   1.250000000000   3.046279835657   100.000000000000   0.986494514785   -1.602540920406   1.161235453071   11.959652566408
11.611579171925   15.000000000000   1.250000000000   3.046279835657   100.000000000000   0.986337782339   -1.593018399287   1.151478557052   11.947397915286
11.607914815839   15.000000000000   1.250000000000   3.046279835657   100.000000000000   0.986180309962   -1.583451378798   1.141813806331   11.935106979754
11.604278468123   15.000000000000   1.250000000000   3.046279835657   100.000000000000   0.986021987173   -1.574023364455   1.132239607166   11.922787836274
11.600673548911   15.000000000000   1.250000000000   3.046279835657   100.000000000000   0.985863253856   -1.564880646418   1.122769989085   11.910469353865
11.597107988189   15.000000000000   1.250000000000   3.046279835657   100.000000000000   0.985704977705   -1.555749003326   1.113428730755   11.898190953625
11.593590967211   15.000000000000   1.250000000000   3.046279835657   100.000000000000   0.985548136492   -1.546649237702   1.104238803681   11.885986958036
11.590128954964   15.000000000000   1.250000000000   3.046279835657   100.000000000000   0.985393432494   -1.537588928779   1.095211895467   11.873872413773
11.586722939877   15.000000000000   1.250000000000   3.046279835657   100.000000000000   0.985241021526   -1.528556922961   1.086343196955   11.861837236810
11.583368056575   15.000000000000   1.250000000000   3.046279835657   100.000000000000   0.985090472023   -1.519980207698   1.077613321702   11.849850774742
11.580055357132   15.000000000000   1.250000000000   3.046279835657   100.000000000000   0.984940940612   -1.511437653539   1.068995396998   11.837873555800
11.576774737003   15.000000000000   1.250000000000   3.046279835657   100.000000000000   0.984791477862   -1.502857491097   1.060463999687   11.825871240583
11.573518093088   15.000000000000   1.250000000000   3.046279835657   100.000000000000   0.984641369513   -1.494219884359   1.052003215307   11.813826654309
11.570281987169   15.000000000000   1.250000000000   3.046279835657   100.000000000000   0.984490421994   -1.485520142844   1.043611765498   11.801746679373
11.567069012910   15.000000000000   1.250000000000   3.046279835657   100.000000000000   0.984339091196   -1.477002816644   1.035303328005   11.789661185621
11.563887026620   15.000000000000   1.250000000000   3.046279835657   100.000000000000   0.984188366409   -1.468756310134   1.027100960413   11.777612726748
11.560746076192   15.000000000000   1.250000000000   3.046279835657   100.000000000000   0.984039411994   -1.460527709515   1.019027052249   11.765639841562
11.557654250416   15.000000000000   1.250000000000   3.046279835657   100.000000000000   0.983893115056   -1.452325501440   1.011093327674   11.753761410949
11.554614520419   15.000000000000   1.250000000000   3.046279835657   100.000000000000   0.983749758727   -1.444139973373   1.003295873839   11.741969766475
11.551623930802   15.000000000000   1.250000000000   3.046279835657   100.000000000000   0.983608956466   -1.435944907277   0.995616944089   11.730234925602
11.548675018239   15.000000000000   1.250000000000   3.046279835657   100.000000000000   0.983469833358   -1.428221552644   0.988031575301   11.718516533333
11.545758508089   15.000000000000   1.250000000000   3.046279835657   100.000000000000   0.983331355951   -1.420455182431   0.980515850607   11.706778249095
11.542866377018   15.000000000000   1.250000000000   3.046279835657   100.000000000000   0.983192705781   -1.412621943892   0.973054357387   11.695000385568
11.539994584274   15.000000000000   1.250000000000   3.046279835657   100.000000000000   0.983053600030   -1.404715612963   0.965645085550   11.683187621024
11.537144709275   15.000000000000   1.250000000000   3.046279835657   100.000000000000   0.982914453116   -1.396745043358   0.958300100216   11.671368868529
11.534322144965   15.000000000000   1.250000000000   3.046279835657   100.000000000000   0.982776187611   -1.389032966599   0.951041228397   11.659585426257
11.531537464180   15.000000000000   1.250000000000   3.046279835657   100.000000000000   0.982640119166   -1.381550966286   0.943889942752   11.647880047694
11.528799543789   15.000000000000   1.250000000000   3.046279835657   100.000000000000   0.982507285945   -1.374082660533   0.936858639827   11.636275958112
11.526112446464   15.000000000000   1.250000000000   3.046279835657   100.000000000000   0.982378750963   -1.366621319594   0.929945460955   11.624768807966
11.523474707909   15.000000000000   1.250000000000   3.046279835657   100.000000000000   0.982256193796   -1.359143938278   0.923135315748   11.613330528359
11.520880322099   15.000000000000   1.250000000000   3.046279835657   100.000000000000   0.982136128643   -1.351671543102   0.916405665290   11.601920778694
11.518321145586   15.000000000000   1.250000000000   3.046279835657   100.000000000000   0.982017507365   -1.344607575146   0.909733992880   11.590501433159
11.515789057260   15.000000000000   1.250000000000   3.046279835657   100.000000000000   0.981899401980   -1.337471357041   0.903104783024   11.579048720550
11.513280455368   15.000000000000   1.250000000000   3.046279835657   100.000000000000   0.981781467815   -1.330254083979   0.896514140864   11.567564490008
11.510796683428   15.000000000000   1.250000000000   3.046279835657   100.000000000000   0.981664050302   -1.322961338945   0.889971244801   11.556075623021
11.508343991555   15.000000000000   1.250000000000   3.046279835657   100.000000000000   0.981548127447   -1.315609614980   0.883494951048   11.544625784286
11.505931249574   15.000000000000   1.250000000000   3.046279835657   100.000000000000   0.981434967971   -1.308606743905   0.877106092332   11.533259034960
11.503566561997   15.000000000000   1.250000000000   3.046279835657   100.000000000000   0.981325656669   -1.301769201003   0.870818556897   11.522002585900
11.501254199319   15.000000000000   1.250000000000   3.046279835657   100.000000000000   0.981220696956   -1.294930497602   0.864633617246   11.510856836551
11.498993381940   15.000000000000   1.250000000000   3.046279835657   100.000000000000   0.981119872226   -1.288072133496   0.858539903851   11.499796962179
11.496779071217   15.000000000000   1.250000000000   3.046279835657   100.000000000000   0.981022379935   -1.281164531753   0.852518013243   11.488783522341
11.494604017112   15.000000000000   1.250000000000   3.046279835657   100.000000000000   0.980927142508   -1.274303703954   0.846547104381   11.477776663902
11.492461233663   15.000000000000   1.250000000000   3.046279835657   100.000000000000   0.980833183411   -1.267777082857   0.840611293305   11.466749442154
11.490346299920   15.000000000000   1.250000000000   3.046279835657   100.000000000000   0.980739973482   -1.261164832771   0.834704471523   11.455697230363
11.488258921699   15.000000000000   1.250000000000   3.046279835657   100.000000000000   0.980647650628   -1.254468354072   0.828832343725   11.444640492490
11.486203103179   15.000000000000   1.250000000000   3.046279835657   100.000000000000   0.980557012070   -1.247700535151   0.823010491251   11.433618625921
11.484185539360   15.000000000000   1.250000000000   3.046279835657   100.000000000000   0.980469234099   -1.240878939376   0.817258291211   11.422675367496
11.482212733126   15.000000000000   1.250000000000   3.046279835657   100.000000000000   0.980385412188   -1.234504865746   0.811590841700   11.411841298023
11.480288262164   15.000000000000   1.250000000000   3.046279835657   100.000000000000   0.980306138023   -1.228207809834   0.806012805272   11.401121981749
11.478411535764   15.000000000000   1.250000000000   3.046279835657   100.000000000000   0.980231307459   -1.221888022202   0.800517034235   11.390497138056
11.476578323069   15.000000000000   1.250000000000   3.046279835657   100.000000000000   0.980160204119   -1.215520204285   0.795087797605   11.379929568923
11.474782427050   15.000000000000   1.250000000000   3.046279835657   100.000000000000   0.980091776273   -1.209073597504   0.789706397016   11.369378648862
11.473017731501   15.000000000000   1.250000000000   3.046279835657   100.000000000000   0.980024994054   -1.202744012391   0.784357018812   11.358813611178
11.471280081022   15.000000000000   1.250000000000   3.046279835657   100.000000000000   0.979959192639   -1.196664496058   0.779031483370   11.348223564747
11.469568568103   15.000000000000   1.250000000000   3.046279835657   100.000000000000   0.979894313764   -1.190493873733   0.773731878795   11.337621783607
11.467885756755   15.000000000000   1.250000000000   3.046279835657   100.000000000000   0.979830952399   -1.184240477838   0.768469996524   11.327041956012
11.466236517383   15.000000000000   1.250000000000   3.046279835657   100.000000000000   0.979770149419   -1.177919431344   0.763262995488   11.316525947447
11.464625775926   15.000000000000   1.250000000000   3.046279835657   100.000000000000   0.979712982419   -1.171554547502   0.758126481130   11.306107033109
11.463056255170   15.000000000000   1.250000000000   3.046279835657   100.000000000000   0.979660137458   -1.165726554802   0.753068151247   11.295796445600
11.461527365515   15.000000000000   1.250000000000   3.046279835657   100.000000000000   0.979611663727   -1.159871110842   0.748085116626   11.285579750041
11.460035598634   15.000000000000   1.250000000000   3.046279835657   100.000000000000   0.979566992751   -1.153967772985   0.743165618257   11.275423485033
11.458575934504   15.000000000000   1.250000000000   3.046279835657   100.000000000000   0.979525166848   -1.147988842106   0.738293546928   11.265287573355
11.457143556126   15.000000000000   1.250000000000   3.046279835657   100.000000000000   0.979485168856   -1.141906008789   0.733453694922   11.255138478189
11.455735368549   15.000000000000   1.250000000000   3.046279835657   100.000000000000   0.979446256783   -1.136045363848   0.728636343098   11.244959774661
11.454350979288   15.000000000000   1.250000000000   3.046279835657   100.000000000000   0.979408220679   -1.130329749848   0.723840276698   11.234757812881
11.452992809892   15.000000000000   1.250000000000   3.046279835657   100.000000000000   0.979371477157   -1.124521294381   0.719073316293   11.224560269968
11.451665115538   15.000000000000   1.250000000000   3.046279835657   100.000000000000   0.979336935487   -1.118631716721   0.714349621504   11.214406483812
11.450372139733   15.000000000000   1.250000000000   3.046279835657   100.000000000000   0.979305652419   -1.112674293352   0.709684184656   11.204331992500
11.449116234039   15.000000000000   1.250000000000   3.046279835657   100.000000000000   0.979278415147   -1.106790798416   0.705086764956   11.194353915464
11.447896879457   15.000000000000   1.250000000000   3.046279835657   100.000000000000   0.979255442310   -1.101326665631   0.700558245700   11.184464139656
11.446710762501   15.000000000000   1.250000000000   3.046279835657   100.000000000000   0.979236288377   -1.095812686713   0.696090928077   11.174631467124
11.445556432690   15.000000000000   1.250000000000   3.046279835657   100.000000000000   0.979220529659   -1.090225600690   0.691671230773   11.164833823329
11.444436374779   15.000000000000   1.250000000000   3.046279835657   100.000000000000   0.979208014000   -1.084539001876   0.687284224359   11.155065552422
11.443341784667   15.000000000000   1.250000000000   3.046279835657   100.000000000000   0.979196894435   -1.078727682772   0.682920490512   11.145261251163
11.442274185078   15.000000000000   1.250000000000   3.046279835657   100.000000000000   0.979186988528   -1.073291236117   0.678575624045   11.135426156798
11.441237023810   15.000000000000   1.250000000000   3.046279835657   100.000000000000   0.979178602685   -1.067858332388   0.674253704137   11.125583973883
11.440235094087   15.000000000000   1.250000000000   3.046279835657   100.000000000000   0.979172542668   -1.062331769086   0.669965498934   11.115772239953
11.439272235492   15.000000000000   1.250000000000   3.046279835657   100.000000000000   0.979169802568   -1.056723335920   0.665724541558   11.106028158362
11.438351643164   15.000000000000   1.250000000000   3.046279835657   100.000000000000   0.979171317112   -1.051041595446   0.661541293303   11.096376336561
11.437473641354   15.000000000000   1.250000000000   3.046279835657   100.000000000000   0.979177544983   -1.045597548223   0.657419286757   11.086817977434
11.436636968134   15.000000000000   1.250000000000   3.046279835657   100.000000000000   0.979188410656   -1.040401902656   0.653354077185   11.077332959284
11.435838756822   15.000000000000   1.250000000000   3.046279835657   100.000000000000   0.979203317935   -1.035131730720   0.649335361148   11.067887281007
11.435077721514   15.000000000000   1.250000000000   3.046279835657   100.000000000000   0.979221518034   -1.029762261644   0.645350622834   11.058447738719
11.434354267703   15.000000000000   1.250000000000   3.046279835657   100.000000000000   0.979242338961   -1.024269754107   0.641389153625   11.048992086100
11.433670780688   15.000000000000   1.250000000000   3.046279835657   100.000000000000   0.979265436032   -1.018738708759   0.637445275631   11.039516612647
11.433031733429   15.000000000000   1.250000000000   3.046279835657   100.000000000000   0.979290975856   -1.013610959637   0.633520088362   11.030038851902
11.432442582471   15.000000000000   1.250000000000   3.046279835657   100.000000000000   0.979319621026   -1.008379605350   0.629621105640   11.020592524929
11.431908249476   15.000000000000   1.250000000000   3.046279835657   100.000000000000   0.979352330586   -1.003054054729   0.625759426957   11.011215770903
11.431431796580   15.000000000000   1.250000000000   3.046279835657   100.000000000000   0.979390037636   -0.997642929831   0.621945237280   11.001936714117
11.431013991548   15.000000000000   1.250000000000   3.046279835657   100.000000000000   0.979433344393   -0.992147880831   0.618183645159   10.992763108282
11.430653986296   15.000000000000   1.250000000000   3.046279835657   100.000000000000   0.979482369025   -0.987130017601   0.614472851801   10.983680971376
11.430350662217   15.000000000000   1.250000000000   3.046279835657   100.000000000000   0.979536787223   -0.982108660714   0.610805185223   10.974661820922
11.430103954164   15.000000000000   1.250000000000   3.046279835657   100.000000000000   0.979596021087   -0.976986771364   0.607170048922   10.965674232833
11.429915671930   15.000000000000   1.250000000000   3.046279835657   100.000000000000   0.979659493113   -0.971741331013   0.603557438044   10.956695243890
11.429789622825   15.000000000000   1.250000000000   3.046279835657   100.000000000000   0.979726867169   -0.966353909289   0.599961027715   10.947718624983
11.429731009069   15.000000000000   1.250000000000   3.046279835657   100.000000000000   0.979798208694   -0.961226589680   0.596380140124   10.938758012560
11.429745232809   15.000000000000   1.250000000000   3.046279835657   100.000000000000   0.979874008585   -0.956226621987   0.592819948169   10.929843368080
11.429836506772   15.000000000000   1.250000000000   3.046279835657   100.000000000000   0.979955048081   -0.951121457285   0.589289510902   10.921010789696
11.430006937525   15.000000000000   1.250000000000   3.046279835657   100.000000000000   0.980042148929   -0.945918782486   0.585798080947   10.912289022629
11.430256631886   15.000000000000   1.250000000000   3.046279835657   100.000000000000   0.980135915898   -0.940621121784   0.582351254097   10.903688837589
11.430584790239   15.000000000000   1.250000000000   3.046279835657   100.000000000000   0.980236582724   -0.935497059624   0.578948824279   10.895200437567
11.430991162167   15.000000000000   1.250000000000   3.046279835657   100.000000000000   0.980344010044   -0.930662427868   0.575585162238   10.886799349816
11.431477142782   15.000000000000   1.250000000000   3.046279835657   100.000000000000   0.980457810403   -0.925722227076   0.572251538445   10.878457072302
11.432046093726   15.000000000000   1.250000000000   3.046279835657   100.000000000000   0.980577537626   -0.920654669009   0.568939216790   10.870151923749
11.432702785353   15.000000000000   1.250000000000   3.046279835657   100.000000000000   0.980702869817   -0.915441543897   0.565642324207   10.861876749074
11.433451903892   15.000000000000   1.250000000000   3.046279835657   100.000000000000   0.980833702499   -0.910256823716   0.562359790685   10.853640666845
11.434290465915   15.000000000000   1.250000000000   3.046279835657   100.000000000000   0.980969458645   -0.905425259643   0.559096105691   10.845443768288
11.435263374509   15.000000000000   1.250000000000   3.046279835657   100.000000000000   0.981115690109   -0.900487247726   0.555855143656   10.837467331318
11.436327573402   15.000000000000   1.250000000000   3.046279835657   100.000000000000   0.981267917928   -0.895441227901   0.552650348814   10.829593899252
11.437489580745   15.000000000000   1.250000000000   3.046279835657   100.000000000000   0.981427568856   -0.890288350310   0.549484455558   10.821854502692
11.438749298963   15.000000000000   1.250000000000   3.046279835657   100.000000000000   0.981594999557   -0.885138343692   0.546357542448   10.814243522790
11.440107958307   15.000000000000   1.250000000000   3.046279835657   100.000000000000   0.981770248439   -0.880441494379   0.543265071123   10.806740995016
11.441569103635   15.000000000000   1.250000000000   3.046279835657   100.000000000000   0.981953142993   -0.875629981471   0.540199821073   10.799323777181
11.443138229984   15.000000000000   1.250000000000   3.046279835657   100.000000000000   0.982143426748   -0.870683779800   0.537154625326   10.791975843642
11.444821492785   15.000000000000   1.250000000000   3.046279835657   100.000000000000   0.982340888347   -0.865586476187   0.534124889316   10.784695175235
11.446623979169   15.000000000000   1.250000000000   3.046279835657   100.000000000000   0.982545456875   -0.860446292465   0.531110180861   10.777495513739
11.448548211166   15.000000000000   1.250000000000   3.046279835657   100.000000000000   0.982757236544   -0.855742748804   0.528114338401   10.770402148773
11.450593661825   15.000000000000   1.250000000000   3.046279835657   100.000000000000   0.982976478292   -0.850918052708   0.525143868303   10.763442730155
11.452757732248   15.000000000000   1.250000000000   3.046279835657   100.000000000000   0.983203506874   -0.845976252582   0.522205146145   10.756636742997
11.455037833177   15.000000000000   1.250000000000   3.046279835657   100.000000000000   0.983438632677   -0.840917069959   0.519301709181   10.749988753248
11.457433495881   15.000000000000   1.250000000000   3.046279835657   100.000000000000   0.983682074670   -0.835861106218   0.516432956241   10.743488674439
11.459947449764   15.000000000000   1.250000000000   3.046279835657   100.000000000000   0.983933913484   -0.831255899689   0.513594708927   10.737118255668
11.462585249940   15.000000000000   1.250000000000   3.046279835657   100.000000000000   0.984194085653   -0.826524235252   0.510781114195   10.730860153607
11.465353693045   15.000000000000   1.250000000000   3.046279835657   100.000000000000   0.984462416881   -0.821648771820   0.507986977947   10.724705783192
11.468258628488   15.000000000000   1.250000000000   3.046279835657   100.000000000000   0.984738680786   -0.816616613522   0.505209694752   10.718659410607
11.471302989042   15.000000000000   1.250000000000   3.046279835657   100.000000000000   0.985022663094   -0.811656320425   0.502450168471   10.712737204421
11.474485930743   15.000000000000   1.250000000000   3.046279835657   100.000000000000   0.985314217796   -0.807038285869   0.499712346486   10.706961429740
11.477803701587   15.000000000000   1.250000000000   3.046279835657   100.000000000000   0.985613308694   -0.802293527750   0.497001439539   10.701351942406
11.481251999024   15.000000000000   1.250000000000   3.046279835657   100.000000000000   0.985920020659   -0.797423156542   0.494321606836   10.695918888959
11.484828642386   15.000000000000   1.250000000000   3.046279835657   100.000000000000   0.986234524612   -0.792423823123   0.491674238200   10.690660227250
11.488535172973   15.000000000000   1.250000000000   3.046279835657   100.000000000000   0.986556997323   -0.787620055495   0.489057612587   10.685564934995
11.492376671345   15.000000000000   1.250000000000   3.046279835657   100.000000000000   0.986887524753   -0.783074949025   0.486467906757   10.680619708035
11.496359999351   15.000000000000   1.250000000000   3.046279835657   100.000000000000   0.987226028752   -0.778390552385   0.483900926029   10.675815712223
11.500491253684   15.000000000000   1.250000000000   3.046279835657   100.000000000000   0.987572243135   -0.773553783616   0.481353792043   10.671152508882
11.504773421275   15.000000000000   1.250000000000   3.046279835657   100.000000000000   0.987925738075   -0.768556463411   0.478825943303   10.666637125748
11.509204946365   15.000000000000   1.250000000000   3.046279835657   100.000000000000   0.988285901918   -0.763942671211   0.476318824307   10.662272289995
11.513787305366   15.000000000000   1.250000000000   3.046279835657   100.000000000000   0.988653794008   -0.759396906673   0.473839709385   10.658173846108
11.518508417202   15.000000000000   1.250000000000   3.046279835657   100.000000000000   0.989028190461   -0.754726970149   0.471391289482   10.654304123610
11.523365009170   15.000000000000   1.250000000000   3.046279835657   100.000000000000   0.989408653865   -0.749920768253   0.468972226254   10.650619962577
11.528358240339   15.000000000000   1.250000000000   3.046279835657   100.000000000000   0.989795405858   -0.744973752978   0.466582148608   10.647123564501
11.533492088098   15.000000000000   1.250000000000   3.046279835657   100.000000000000   0.990188539892   -0.740608283451   0.464219045536   10.643810098761
11.538772333344   15.000000000000   1.250000000000   3.046279835657   100.000000000000   0.990588000330   -0.736118098127   0.461880268978   10.640676605476
11.544204031898   15.000000000000   1.250000000000   3.046279835657   100.000000000000   0.990993492197   -0.731480619714   0.459563796346   10.637725197104
11.549789328776   15.000000000000   1.250000000000   3.046279835657   100.000000000000   0.991404502106   -0.726689241220   0.457269032412   10.634963666389
11.555526588258   15.000000000000   1.250000000000   3.046279835657   100.000000000000   0.991820396432   -0.722020692059   0.454996905709   10.632403007753
11.561411239459   15.000000000000   1.250000000000   3.046279835657   100.000000000000   0.992240564049   -0.717672026957   0.452749279342   10.630053531763
11.567437948242   15.000000000000   1.250000000000   3.046279835657   100.000000000000   0.992664541583   -0.713187829771   0.450527987903   10.627921530054
11.573603000346   15.000000000000   1.250000000000   3.046279835657   100.000000000000   0.993092060349   -0.708565817111   0.448333988278   10.626008076987
11.579905689070   15.000000000000   1.250000000000   3.046279835657   100.000000000000   0.993522991127   -0.703802174529   0.446167014727   10.624310326340
11.586348116921   15.000000000000   1.250000000000   3.046279835657   100.000000000000   0.993957216337   -0.699411054833   0.444025823279   10.622824335968
11.592933674324   15.000000000000   1.250000000000   3.046279835657   100.000000000000   0.994394494773   -0.695105237549   0.441908815226   10.621547843462
11.599665032939   15.000000000000   1.250000000000   3.046279835657   100.000000000000   0.994834382848   -0.690655448850   0.439814702342   10.620481704436
11.606542604620   15.000000000000   1.250000000000   3.046279835657   100.000000000000   0.995276245421   -0.686056791242   0.437742921895   10.619629523849
11.613564133972   15.000000000000   1.250000000000   3.046279835657   100.000000000000   0.995719346950   -0.681431946731   0.435693658614   10.618995891234
11.620725544031   15.000000000000   1.250000000000   3.046279835657   100.000000000000   0.996162977805   -0.677274972067   0.433667516120   10.618584221902
11.628022550428   15.000000000000   1.250000000000   3.046279835657   100.000000000000   0.996606555441   -0.672979109461   0.431665033921   10.618395282671
11.635452205198   15.000000000000   1.250000000000   3.046279835657   100.000000000000   0.997049654526   -0.668541537609   0.429686296095   10.618427018929
11.643013642347   15.000000000000   1.250000000000   3.046279835657   100.000000000000   0.997491957785   -0.663959296002   0.427730797884   10.618675568788
11.650707754705   15.000000000000   1.250000000000   3.046279835657   100.000000000000   0.997933151127   -0.659629468546   0.425797587361   10.619136657031
11.658536185276   15.000000000000   1.250000000000   3.046279835657   100.000000000000   0.998372839771   -0.655492310462   0.423885554886   10.619806894336
11.666500264468   15.000000000000   1.250000000000   3.046279835657   100.000000000000   0.998810528481   -0.651208850440   0.421993703719   10.620684511082
11.674600112847   15.000000000000   1.250000000000   3.046279835657   100.000000000000   0.999245603454   -0.646775281194   0.420121326672   10.621768213244
11.682834743698   15.000000000000   1.250000000000   3.046279835657   100.000000000000   0.999677419315   -0.642236032201   0.418267964953   10.623056203614
11.691203009770   15.000000000000   1.250000000000   3.046279835657   100.000000000000   1.000105394724   -0.638224524870   0.416433191801   10.624544802525
11.699705628373   15.000000000000   1.250000000000   3.046279835657   100.000000000000   1.000529115576   -0.634062909922   0.414616202626   10.626226503711
11.708353480237   15.000000000000   1.250000000000   3.046279835657   100.000000000000   1.000948669290   -0.629740754842   0.412814186755   10.628079826470
11.717055939638   15.000000000000   1.250000000000   3.046279835657   100.000000000000   1.001359769630   -0.625313268746   0.411044729327   10.630230083810
11.725853895471   15.000000000000   1.250000000000   3.046279835657   100.000000000000   1.001763791420   -0.621097218808   0.409298043661   10.632580340021
11.734794893247   15.000000000000   1.250000000000   3.046279835657   100.000000000000   1.002162396515   -0.617093591884   0.407564080802   10.635084580391
11.743880198529   15.000000000000   1.250000000000   3.046279835657   100.000000000000   1.002555103848   -0.612928332538   0.405842221596   10.637738108170
11.753086578364   15.000000000000   1.250000000000   3.046279835657   100.000000000000   1.002940626953   -0.608613818284   0.404136550277   10.640579261933
11.762354141241   15.000000000000   1.250000000000   3.046279835657   100.000000000000   1.003316489024   -0.604202137157   0.402457290876   10.643707858080
11.771770591302   15.000000000000   1.250000000000   3.046279835657   100.000000000000   1.003685224410   -0.600308742587   0.400787178247   10.646969880730
11.781339685211   15.000000000000   1.250000000000   3.046279835657   100.000000000000   1.004046603571   -0.596248343388   0.399125399906   10.650381835964
11.791072374123   15.000000000000   1.250000000000   3.046279835657   100.000000000000   1.004400615036   -0.592013574827   0.397469991346   10.653934259532
11.800923458069   15.000000000000   1.250000000000   3.046279835657   100.000000000000   1.004745113325   -0.587626494134   0.395827944079   10.657677054919
11.810773329616   15.000000000000   1.250000000000   3.046279835657   100.000000000000   1.005075241681   -0.583487202879   0.394216862612   10.661724545430
11.820796974943   15.000000000000   1.250000000000   3.046279835657   100.000000000000   1.005397148468   -0.579525645368   0.392608744285   10.665885052987
11.830982425093   15.000000000000   1.250000000000   3.046279835657   100.000000000000   1.005709844706   -0.575389291183   0.391005329220   10.670183114602
11.841325074890   15.000000000000   1.250000000000   3.046279835657   100.000000000000   1.006064294549   -0.571079065094   0.389407249970   10.674617418270
11.851825917733   15.000000000000   1.250000000000   3.046279835657   100.000000000000   1.006412202315   -0.566667135617   0.387814252318   10.679179313965
11.862494055983   15.000000000000   1.250000000000   3.046279835657   100.000000000000   1.006750763210   -0.562691858124   0.386225088891   10.683846966301
11.873336982313   15.000000000000   1.250000000000   3.046279835657   100.000000000000   1.007080100957   -0.558532702848   0.384639217379   10.688574856577
11.884158614652   15.000000000000   1.250000000000   3.046279835657   100.000000000000   1.007389645630   -0.554271517298   0.383079215731   10.693911778307
11.894881261593   15.000000000000   1.250000000000   3.046279835657   100.000000000000   1.007680832533   -0.549937163569   0.381558329867   10.699254037073
11.905767667424   15.000000000000   1.250000000000   3.046279835657   100.000000000000   1.007961113153   -0.545884408616   0.380039106975   10.704700988259
11.916786130615   15.000000000000   1.250000000000   3.046279835657   100.000000000000   1.008228973916   -0.541881428822   0.378525666501   10.710260981300
11.927927345409   15.000000000000   1.250000000000   3.046279835657   100.000000000000   1.008483713284   -0.537715601730   0.377019063979   10.715933431877
11.939188064631   15.000000000000   1.250000000000   3.046279835657   100.000000000000   1.008724860935   -0.533389833457   0.375519574353   10.721714599249
11.950568834791   15.000000000000   1.250000000000   3.046279835657   100.000000000000   1.008952084878   -0.529125143323   0.374027033230   10.727599437168
11.962073232045   15.000000000000   1.250000000000   3.046279835657   100.000000000000   1.009165158565   -0.525129994542   0.372540972121   10.733582194785
11.973707683664   15.000000000000   1.250000000000   3.046279835657   100.000000000000   1.009363939733   -0.520968334616   0.371060671065   10.739656763846
11.985481597148   15.000000000000   1.250000000000   3.046279835657   100.000000000000   1.009548330884   -0.516639210202   0.369585168579   10.745816806487
11.997408350747   15.000000000000   1.250000000000   3.046279835657   100.000000000000   1.009718544043   -0.512142014499   0.368113298999   10.752051147384
12.009489876913   15.000000000000   1.250000000000   3.046279835657   100.000000000000   1.009874150320   -0.508096927542   0.366644886258   10.758371138194
