0.150000000000   15.000000000000   0.000000000000   3.046279835657   100.000000000000   0.304467359659   -0.406938184784   0.446293347752   1.488101804981
0.540000000000   15.000000000000   3.500000000000   3.046279835657   100.000000000000   0.311487906757   -0.305401985758   0.495204930839   1.292997645189
0.560000000000   15.000000000000   3.500000000000   3.046279835657   100.000000000000   0.313497935008   -0.303066580265   0.497303008551   1.294483276836
0.580000000000   15.000000000000   3.500000000000   3.046279835657   100.000000000000   0.315459898819   -0.300776376398   0.499360215666   1.296041733491
0.600000000000   15.000000000000   3.500000000000   3.046279835657   100.000000000000   0.317376778313   -0.298529868145   0.501379409913   1.297669736695
0.620000000000   15.000000000000   3.500000000000   3.046279835657   100.000000000000   0.319251279000   -0.296325583119   0.503363147621   1.299364944414
0.640000000000   15.000000000000   3.500000000000   3.046279835657   100.000000000000   0.321085877347   -0.294162130103   0.505313831564   1.301125852829
0.660000000000   15.000000000000   3.500000000000   3.046279835657   100.000000000000   0.322882847471   -0.292038206809   0.507233721448   1.302951661049
0.680000000000   15.000000000000   3.500000000000   3.046279835657   100.000000000000   0.324644284211   -0.289952607915   0.509124942598   1.304842158761
0.700000000000   15.000000000000   3.500000000000   3.046279835657   100.000000000000   0.326372123118   -0.287904231775   0.510989493515   1.306797630534
0.720000000000   15.000000000000   3.500000000000   3.046279835657   100.000000000000   0.328068157941   -0.285952948469   0.512829252901   1.308818775486
0.740000000000   15.000000000000   3.500000000000   3.046279835657   100.000000000000   0.329734055896   -0.284048035258   0.514645985816   1.310906636876
0.760000000000   15.000000000000   3.500000000000   3.046279835657   100.000000000000   0.331371371056   -0.282180055083   0.516441349083   1.313062539915
0.780000000000   15.000000000000   3.500000000000   3.046279835657   100.000000000000   0.332981556054   -0.280347941007   0.518216895709   1.315288035487
0.800000000000   15.000000000000   3.500000000000   3.046279835657   100.000000000000   0.334565972513   -0.278550746022   0.519974079164   1.317584856143
0.820000000000   15.000000000000   3.500000000000   3.046279835657   100.000000000000   0.336125900078   -0.276787640028   0.521714256221   1.319954868700
0.840000000000   15.000000000000   3.500000000000   3.046279835657   100.000000000000   0.337662544579   -0.275057906810   0.523438690072   1.322400042066
0.860000000000   15.000000000000   3.500000000000   3.046279835657   100.000000000000   0.339177045121   -0.273361721133   0.525148552234   1.324922408554
0.880000000000   15.000000000000   3.500000000000   3.046279835657   100.000000000000   0.340670480471   -0.271772107820   0.526844924535   1.327524039778
0.900000000000   15.000000000000   3.500000000000   3.046279835657   100.000000000000   0.342143874760   -0.270215048577   0.528528800757   1.330207022810
0.920000000000   15.000000000000   3.500000000000   3.046279835657   100.000000000000   0.343598202538   -0.268689863556   0.530201087897   1.332973438372
0.940000000000   15.000000000000   3.500000000000   3.046279835657   100.000000000000   0.345034393362   -0.267195966223   0.531862607521   1.335825346302
0.960000000000   15.000000000000   3.500000000000   3.046279835657   100.000000000000   0.346453335875   -0.265732854036   0.533514096747   1.338764768096
0.980000000000   15.000000000000   3.500000000000   3.046279835657   100.000000000000   0.347855881485   -0.264300098848   0.535156209210   1.341793673236
1.000000000000   15.000000000000   3.500000000000   3.046279835657   100.000000000000   0.349242847695   -0.262897337274   0.536789516066   1.344913971132
1.020000000000   15.000000000000   3.500000000000   3.046279835657   100.000000000000   0.350615021045   -0.261524260236   0.538414506618   1.348127500383
1.040000000000   15.000000000000   3.500000000000   3.046279835657   100.000000000000   0.351973159731   -0.260180602427   0.540031588822   1.351436020495
1.060000000000   15.000000000000   3.500000000000   3.046279835657   100.000000000000   0.353317995946   -0.258900341321   0.541641089683   1.354841205027
1.080000000000   15.000000000000   3.500000000000   3.046279835657   100.000000000000   0.354650237981   -0.257683374980   0.543243255664   1.358344637910
1.100000000000   15.000000000000   3.500000000000   3.046279835657   100.000000000000   0.355970572067   -0.256494124490   0.544838252776   1.361947803950
1.120000000000   15.000000000000   3.500000000000   3.046279835657   100.000000000000   0.357279664037   -0.255332200557   0.546426166886   1.365652087626
1.140000000000   15.000000000000   3.500000000000   3.046279835657   100.000000000000   0.358578160835   -0.254197231143   0.548007004016   1.369458770732
1.160000000000   15.000000000000   3.500000000000   3.046279835657   100.000000000000   0.359866691840   -0.253088852705   0.549580690579   1.373369029717
1.180000000000   15.000000000000   3.500000000000   3.046279835657   100.000000000000   0.361145870051   -0.252006701992   0.551147073633   1.377383934082
1.200000000000   15.000000000000   3.500000000000   3.046279835657   100.000000000000   0.362437676549   -0.250950408432   0.552705921146   1.381504445280
1.220000000000   15.000000000000   3.500000000000   3.046279835657   100.000000000000   0.363721068461   -0.249919587145   0.554256922275   1.385731416249
1.240000000000   15.000000000000   3.500000000000   3.046279835657   100.000000000000   0.364996472959   -0.248913832887   0.555799687796   1.390065594041
1.260000000000   15.000000000000   3.500000000000   3.046279835657   100.000000000000   0.366264442409   -0.247932713732   0.557333750094   1.394507611727
1.280000000000   15.000000000000   3.500000000000   3.046279835657   100.000000000000   0.367525515559   -0.246975766881   0.558858563917   1.399057999296
1.300000000000   15.000000000000   3.500000000000   3.046279835657   100.000000000000   0.368780218206   -0.246042493977   0.560373506582   1.403717180987
1.320000000000   15.000000000000   3.500000000000   3.046279835657   100.000000000000   0.370029063812   -0.245152876535   0.561877878369   1.408485476931
1.340000000000   15.000000000000   3.500000000000   3.046279835657   100.000000000000   0.371272554056   -0.244305078818   0.563370902929   1.413363105014
1.360000000000   15.000000000000   3.500000000000   3.046279835657   100.000000000000   0.372511179325   -0.243476952596   0.564851727711   1.418350183036
1.380000000000   15.000000000000   3.500000000000   3.046279835657   100.000000000000   0.373745419145   -0.242667781865   0.566319424430   1.423446731204
1.400000000000   15.000000000000   3.500000000000   3.046279835657   100.000000000000   0.374975742582   -0.241876811979   0.567772989679   1.428652678691
1.420000000000   15.000000000000   3.500000000000   3.046279835657   100.000000000000   0.376202608511   -0.241103246999   0.569211345089   1.433967855856
1.440000000000   15.000000000000   3.500000000000   3.046279835657   100.000000000000   0.377426465949   -0.240346248888   0.570633338282   1.439392008190
1.460000000000   15.000000000000   3.500000000000   3.046279835657   100.000000000000   0.378647754275   -0.239604936461   0.572037743477   1.444924798898
1.480000000000   15.000000000000   3.500000000000   3.046279835657   100.000000000000   0.379866903411   -0.238878384833   0.573423262213   1.450565812409
1.500000000000   15.000000000000   3.500000000000   3.046279835657   100.000000000000   0.381084333945   -0.238165625328   0.574788524205   1.456314559321
1.520000000000   15.000000000000   3.500000000000   3.046279835657   100.000000000000   0.382300457212   -0.237465645771   0.576132088300   1.462170481424
1.540000000000   15.000000000000   3.500000000000   3.046279835657   100.000000000000   0.383515675313   -0.236777391114   0.577452443579   1.468132956900
1.560000000000   15.000000000000   3.500000000000   3.046279835657   100.000000000000   0.384730381078   -0.236099764542   0.578748010689   1.474201308280
1.580000000000   15.000000000000   3.500000000000   3.046279835657   100.000000000000   0.385944957956   -0.235431628509   0.580017143179   1.480374803473
1.600000000000   15.000000000000   3.500000000000   3.046279835657   100.000000000000   0.387159779823   -0.234771806148   0.581258129114   1.486652658408
1.620000000000   15.000000000000   3.500000000000   3.046279835657   100.000000000000   0.388375210793   -0.234119083592   0.582469193304   1.493034054260
1.640000000000   15.000000000000   3.500000000000   3.046279835657   100.000000000000   0.389591604865   -0.233472211682   0.583648499362   1.499518137653
1.660000000000   15.000000000000   3.500000000000   3.046279835657   100.000000000000   0.390809305537   -0.232829908194   0.584794152257   1.506104026637
1.680000000000   15.000000000000   3.500000000000   3.046279835657   100.000000000000   0.392028645314   -0.232190860249   0.585904201199   1.512790816131
1.700000000000   15.000000000000   3.500000000000   3.046279835657   100.000000000000   0.393249945141   -0.231553726901   0.586976642900   1.519577582591
1.720000000000   15.000000000000   3.500000000000   3.046279835657   100.000000000000   0.394473513736   -0.230917142011   0.588009425286   1.526463390207
1.740000000000   15.000000000000   3.500000000000   3.046279835657   100.000000000000   0.395699646820   -0.230279717135   0.589000451565   1.533447290857
1.760000000000   15.000000000000   3.500000000000   3.046279835657   100.000000000000   0.396928626225   -0.229640044457   0.589947584724   1.540528315361
1.780000000000   15.000000000000   3.500000000000   3.046279835657   100.000000000000   0.398160718980   -0.228996700936   0.590848653074   1.547705494048
1.800000000000   15.000000000000   3.500000000000   3.046279835657   100.000000000000   0.399396176223   -0.228348251831   0.591701455989   1.554977847951
1.820000000000   15.000000000000   3.500000000000   3.046279835657   100.000000000000   0.400635232006   -0.227693254494   0.592503770426   1.562344386387
1.840000000000   15.000000000000   3.500000000000   3.046279835657   100.000000000000   0.401878102031   -0.227030262620   0.593253358335   1.569804106098
1.860000000000   15.000000000000   3.500000000000   3.046279835657   100.000000000000   0.403124982264   -0.226357830553   0.593947974893   1.577355989925
1.880000000000   15.000000000000   3.500000000000   3.046279835657   100.000000000000   0.404376047471   -0.225674517689   0.594585377589   1.584999012089
1.900000000000   15.000000000000   3.500000000000   3.046279835657   100.000000000000   0.405631449616   -0.224978892487   0.595163335930   1.592732114969
1.920000000000   15.000000000000   3.500000000000   3.046279835657   100.000000000000   0.406891316234   -0.224269537146   0.595679642236   1.600554225934
1.940000000000   15.000000000000   3.500000000000   3.046279835657   100.000000000000   0.408155748733   -0.223545052328   0.596132123175   1.608464258930
1.960000000000   15.000000000000   3.500000000000   3.046279835657   100.000000000000   0.409424820624   -0.222804061812   0.596518652028   1.616461106416
1.980000000000   15.000000000000   3.500000000000   3.046279835657   100.000000000000   0.410698575756   -0.222045217867   0.596837162050   1.624543635286
2.000000000000   15.000000000000   3.500000000000   3.046279835657   100.000000000000   0.411977026518   -0.221267206593   0.597085660541   1.632710677035
2.020000000000   15.000000000000   3.500000000000   3.046279835657   100.000000000000   0.413260152079   -0.220468754147   0.597262243959   1.640961025246
2.040000000000   15.000000000000   3.500000000000   3.046279835657   100.000000000000   0.414547896654   -0.219648632964   0.597365113543   1.649293401744
2.060000000000   15.000000000000   3.500000000000   3.046279835657   100.000000000000   0.415840167815   -0.218805667942   0.597392591412   1.657706454746
2.080000000000   15.000000000000   3.500000000000   3.046279835657   100.000000000000   0.417136834946   -0.217938742662   0.597343137296   1.666198758203
2.100000000000   15.000000000000   3.500000000000   3.046279835657   100.000000000000   0.418437727858   -0.217046804999   0.597215365647   1.674768796655
2.120000000000   15.000000000000   3.500000000000   3.046279835657   100.000000000000   0.419742635608   -0.216128871938   0.597008062556   1.683414959754
2.140000000000   15.000000000000   3.500000000000   3.046279835657   100.000000000000   0.421051305503   -0.215184033554   0.596720201789   1.692135538614
2.160000000000   15.000000000000   3.500000000000   3.046279835657   100.000000000000   0.422363442353   -0.214211456334   0.596350959989   1.700928732881
2.180000000000   15.000000000000   3.500000000000   3.046279835657   100.000000000000   0.423678708167   -0.213210387286   0.595899732074   1.709792598780
2.200000000000   15.000000000000   3.500000000000   3.046279835657   100.000000000000   0.424996722028   -0.212180157123   0.595366145250   1.718725081099
2.220000000000   15.000000000000   3.500000000000   3.046279835657   100.000000000000   0.426317060413   -0.211120184764   0.594750072062   1.727723979531
2.240000000000   15.000000000000   3.500000000000   3.046279835657   100.000000000000   0.427639257730   -0.210038123579   0.594051640059   1.736786921722
2.260000000000   15.000000000000   3.500000000000   3.046279835657   100.000000000000   0.428962807688   -0.208925279608   0.593271244969   1.745911340188
2.280000000000   15.000000000000   3.500000000000   3.046279835657   100.000000000000   0.430287164735   -0.207779282019   0.592409557385   1.755094464348
2.300000000000   15.000000000000   3.500000000000   3.046279835657   100.000000000000   0.431611746141   -0.206599719232   0.591467527065   1.764333267458
2.320000000000   15.000000000000   3.500000000000   3.046279835657   100.000000000000   0.432935934410   -0.205386271438   0.590446384957   1.773624493083
2.340000000000   15.000000000000   3.500000000000   3.046279835657   100.000000000000   0.434259080225   -0.204138707440   0.589347641255   1.782964644540
2.360000000000   15.000000000000   3.500000000000   3.046279835657   100.000000000000   0.435580505702   -0.202856879946   0.588173079677   1.792349966323
2.380000000000   15.000000000000   3.500000000000   3.046279835657   100.000000000000   0.436903376258   -0.201540721311   0.586924751150   1.801776424518
2.400000000000   15.000000000000   3.500000000000   3.046279835657   100.000000000000   0.438258220350   -0.200193005003   0.585604964083   1.811239683697
2.420000000000   15.000000000000   3.500000000000   3.046279835657   100.000000000000   0.439610989468   -0.198824315731   0.584216273271   1.820735019359
2.440000000000   15.000000000000   3.500000000000   3.046279835657   100.000000000000   0.440960938635   -0.197425545171   0.582761463781   1.830257329337
2.460000000000   15.000000000000   3.500000000000   3.046279835657   100.000000000000   0.442307313870   -0.195997138443   0.581243533942   1.839801074698
2.480000000000   15.000000000000   3.500000000000   3.046279835657   100.000000000000   0.443649358210   -0.194539600676   0.579665681570   1.849360253028
2.500000000000   15.000000000000   3.500000000000   3.046279835657   100.000000000000   0.444986315170   -0.193053479865   0.578031262439   1.858928387190
2.520000000000   15.000000000000   3.500000000000   3.046279835657   100.000000000000   0.446317436603   -0.191539359857   0.576343782279   1.868498463485
2.540000000000   15.000000000000   3.500000000000   3.046279835657   100.000000000000   0.447641986201   -0.189997839604   0.574606851889   1.878062956228
2.560000000000   15.000000000000   3.500000000000   3.046279835657   100.000000000000   0.448959245494   -0.188429523147   0.572824160534   1.887613779089
2.580000000000   15.000000000000   3.500000000000   3.046279835657   100.000000000000   0.450268519605   -0.186835010634   0.570999448429   1.897142236642
2.600000000000   15.000000000000   3.500000000000   3.046279835657   100.000000000000   0.451569142111   -0.185214889257   0.569136471838   1.906638977669
2.620000000000   15.000000000000   3.500000000000   3.046279835657   100.000000000000   0.452860480868   -0.183569727568   0.567238974956   1.916093883092
2.640000000000   15.000000000000   3.500000000000   3.046279835657   100.000000000000   0.454141942741   -0.181900063338   0.565310657165   1.925496081653
2.660000000000   15.000000000000   3.500000000000   3.046279835657   100.000000000000   0.455412979329   -0.180206393607   0.563355144074   1.934833881928
2.680000000000   15.000000000000   3.500000000000   3.046279835657   100.000000000000   0.456673089936   -0.178489154714   0.561375940845   1.944094759504
2.700000000000   15.000000000000   3.500000000000   3.046279835657   100.000000000000   0.457921826740   -0.176748709071   0.559376401549   1.953265284854
2.720000000000   15.000000000000   3.500000000000   3.046279835657   100.000000000000   0.459158799111   -0.174985327005   0.557359701690   1.962331155921
2.740000000000   15.000000000000   3.500000000000   3.046279835657   100.000000000000   0.460383677020   -0.173199173666   0.555328802664   1.971277176793
2.760000000000   15.000000000000   3.500000000000   3.046279835657   100.000000000000   0.461596194208   -0.171390296214   0.553286422399   1.980087246112
2.780000000000   15.000000000000   3.500000000000   3.046279835657   100.000000000000   0.462796151641   -0.169558618336   0.551235009776   1.988744291387
2.800000000000   15.000000000000   3.500000000000   3.046279835657   100.000000000000   0.463983419473   -0.167823355981   0.549176719624   1.997230298006
2.820000000000   15.000000000000   3.500000000000   3.046279835657   100.000000000000   0.465157939417   -0.166087735470   0.547113391217   2.005526316637
2.840000000000   15.000000000000   3.500000000000   3.046279835657   100.000000000000   0.466319726012   -0.164337367393   0.545046527861   2.013612508712
2.860000000000   15.000000000000   3.500000000000   3.046279835657   100.000000000000   0.467468868162   -0.162571646203   0.542977280170   2.021468105264
2.880000000000   15.000000000000   3.500000000000   3.046279835657   100.000000000000   0.468605528475   -0.160789740859   0.540906429829   2.029071576124
2.900000000000   15.000000000000   3.500000000000   3.046279835657   100.000000000000   0.469729943093   -0.158990586875   0.538834378384   2.036400705844
2.920000000000   15.000000000000   3.500000000000   3.046279835657   100.000000000000   0.470842420204   -0.157172878983   0.536761138648   2.043432716123
2.940000000000   15.000000000000   3.500000000000   3.046279835657   100.000000000000   0.471943337452   -0.155383567020   0.534686329068   2.050144337417
2.960000000000   15.000000000000   3.500000000000   3.046279835657   100.000000000000   0.473033138510   -0.153732274251   0.532609172904   2.056512052826
2.980000000000   15.000000000000   3.500000000000   3.046279835657   100.000000000000   0.474112329348   -0.152067392445   0.530528503330   2.062512314169
3.000000000000   15.000000000000   3.500000000000   3.046279835657   100.000000000000   0.475181473376   -0.150386291467   0.528442772740   2.068121763629
3.020000000000   15.000000000000   3.500000000000   3.046279835657   100.000000000000   0.476275078761   -0.148686004192   0.526350062342   2.073317398150
3.040000000000   15.000000000000   3.500000000000   3.046279835657   100.000000000000   0.477409918350   -0.146963258871   0.524248102895   2.078076856166
3.060000000000   15.000000000000   3.500000000000   3.046279835657   100.000000000000   0.478538696074   -0.145354404760   0.522134300599   2.082378856269
3.080000000000   15.000000000000   3.500000000000   3.046279835657   100.000000000000   0.479662194536   -0.143857842417   0.520005763684   2.086203493103
3.100000000000   15.000000000000   3.500000000000   3.046279835657   100.000000000000   0.480781221363   -0.142338250034   0.517859339514   2.089532348835
3.120000000000   15.000000000000   3.500000000000   3.046279835657   100.000000000000   0.481896599982   -0.140790389764   0.515691663217   2.092348613231
3.140000000000   15.000000000000   3.500000000000   3.046279835657   100.000000000000   0.483009157307   -0.139208787340   0.513499203942   2.094638290068
3.160000000000   15.000000000000   3.500000000000   3.046279835657   100.000000000000   0.484119712317   -0.137901264324   0.511278322957   2.096389893919
3.180000000000   15.000000000000   3.500000000000   3.046279835657   100.000000000000   0.485229065413   -0.136572088476   0.509025351511   2.097594572959
3.200000000000   15.000000000000   3.500000000000   3.046279835657   100.000000000000   0.486337987423   -0.135200912114   0.506736688332   2.098245902419
3.220000000000   15.000000000000   3.500000000000   3.046279835657   100.000000000000   0.487447203669   -0.133780561235   0.504408876470   2.098341312515
3.240000000000   15.000000000000   3.500000000000   3.046279835657   100.000000000000   0.488557382534   -0.132649103317   0.502038722990   2.097882288411
3.260000000000   15.000000000000   3.500000000000   3.046279835657   100.000000000000   0.489669122471   -0.131502979536   0.499623446875   2.096873689708
3.280000000000   15.000000000000   3.500000000000   3.046279835657   100.000000000000   0.490782939708   -0.130295607768   0.497160868513   2.095324168953
3.300000000000   15.000000000000   3.500000000000   3.046279835657   100.000000000000   0.491899244733   -0.129156921179   0.494649561974   2.093245139740
3.320000000000   15.000000000000   3.500000000000   3.046279835657   100.000000000000   0.493018325517   -0.128228336233   0.492089102753   2.090652153473
3.340000000000   15.000000000000   3.500000000000   3.046279835657   100.000000000000   0.494140318654   -0.127224637614   0.489480268181   2.087566368967
3.360000000000   15.000000000000   3.500000000000   3.046279835657   100.000000000000   0.495265178937   -0.126138493628   0.486825304932   2.084013814641
3.380000000000   15.000000000000   3.500000000000   3.046279835657   100.000000000000   0.496392650112   -0.125401399083   0.484128283606   2.080024382743
3.400000000000   15.000000000000   3.500000000000   3.046279835657   100.000000000000   0.497522236592   -0.124608366788   0.481395490369   2.075632832712
3.420000000000   15.000000000000   3.500000000000   3.046279835657   100.000000000000   0.498653172593   -0.123725162810   0.478635852266   2.070880139448
3.440000000000   15.000000000000   3.500000000000   3.046279835657   100.000000000000   0.499784371508   -0.123140090555   0.475861093654   2.065809926860
3.460000000000   15.000000000000   3.500000000000   3.046279835657   100.000000000000   0.500914384712   -0.122563624203   0.473086015434   2.060471837867
3.480000000000   15.000000000000   3.500000000000   3.046279835657   100.000000000000   0.502041363861   -0.121899426802   0.470328433011   2.054921467967
3.500000000000   15.000000000000   3.500000000000   3.046279835657   100.000000000000   0.503211828133   -0.121493983260   0.467609057320   2.049219422509
3.520000000000   15.000000000000   3.500000000000   3.046279835657   100.000000000000   0.504478224319   -0.121182151999   0.464951275582   2.043430693739
3.540000000000   15.000000000000   3.500000000000   3.046279835657   100.000000000000   0.505739370589   -0.120801513905   0.462380496247   2.037624007315
3.560000000000   15.000000000000   3.500000000000   3.046279835657   100.000000000000   0.506992086764   -0.120662330912   0.459922917549   2.031870652868
3.580000000000   15.000000000000   3.500000000000   3.046279835657   100.000000000000   0.508233009204   -0.120673830950   0.457604006385   2.026242512355
3.600000000000   15.000000000000   3.500000000000   3.046279835657   100.000000000000   0.509458755323   -0.120646926320   0.455447073313   2.020809278053
3.620000000000   15.000000000000   3.500000000000   3.046279835657   100.000000000000   0.510666106837   -0.120710796402   0.453472183392   2.015636663288
3.640000000000   15.000000000000   3.500000000000   3.046279835657   100.000000000000   0.511852170410   -0.121119231526   0.451695197523   2.010784673148
3.660000000000   15.000000000000   3.500000000000   3.046279835657   100.000000000000   0.513014514229   -0.121521125209   0.450127097157   2.006305987938
3.680000000000   15.000000000000   3.500000000000   3.046279835657   100.000000000000   0.514151227698   -0.121931641300   0.448773638631   2.002244550382
3.700000000000   15.000000000000   3.500000000000   3.046279835657   100.000000000000   0.515260941386   -0.122547890549   0.447635620728   1.998634874813
3.720000000000   15.000000000000   3.500000000000   3.046279835657   100.000000000000   0.516342806319   -0.123388388438   0.446709598844   1.995503180476
3.740000000000   15.000000000000   3.500000000000   3.046279835657   100.000000000000   0.517396440880   -0.124252675938   0.445988792275   1.992867363954
3.760000000000   15.000000000000   3.500000000000   3.046279835657   100.000000000000   0.518421855650   -0.125150990902   0.445463924129   1.990733498679
3.780000000000   15.000000000000   3.500000000000   3.046279835657   100.000000000000   0.519419359226   -0.126092531033   0.445124161427   1.989104825291
3.800000000000   15.000000000000   3.500000000000   3.046279835657   100.000000000000   0.520389473217   -0.127134403429   0.444957786059   1.987979565850
3.820000000000   15.000000000000   3.500000000000   3.046279835657   100.000000000000   0.521332850381   -0.128434217072   0.444952742593   1.987351743733
3.840000000000   15.000000000000   3.500000000000   3.046279835657   100.000000000000   0.522250212274   -0.129771981139   0.445097105071   1.987212050812
3.860000000000   15.000000000000   3.500000000000   3.046279835657   100.000000000000   0.523268656492   -0.131152030444   0.445379400543   1.987548667274
3.880000000000   15.000000000000   3.500000000000   3.046279835657   100.000000000000   0.524341308430   -0.132577783120   0.445788819449   1.988347987314
3.900000000000   15.000000000000   3.500000000000   3.046279835657   100.000000000000   0.525392276695   -0.134051801489   0.446315341274   1.989595222998
3.920000000000   15.000000000000   3.500000000000   3.046279835657   100.000000000000   0.526422173505   -0.135575867773   0.446949792153   1.991274882875
3.940000000000   15.000000000000   3.500000000000   3.046279835657   100.000000000000   0.527431553217   -0.137151066221   0.447683853176   1.993371142933
3.960000000000   15.000000000000   3.500000000000   3.046279835657   100.000000000000   0.528420903180   -0.138777866755   0.448510037709   1.995868132818
3.980000000000   15.000000000000   3.500000000000   3.046279835657   100.000000000000   0.529390638870   -0.140456206411   0.449421649401   1.998750156614
4.000000000000   15.000000000000   3.500000000000   3.046279835657   100.000000000000   0.530341102382   -0.142185566054   0.450412729397   2.002001864004
4.020000000000   15.000000000000   3.500000000000   3.046279835657   100.000000000000   0.531272562745   -0.143965040718   0.451477997950   2.005608381064
4.040000000000   15.000000000000   3.500000000000   3.046279835657   100.000000000000   0.532185216177   -0.145793399676   0.452612790221   2.009555389569
4.060000000000   15.000000000000   3.500000000000   3.046279835657   100.000000000000   0.533079189560   -0.147669134955   0.453812998359   2.013829140165
4.080000000000   15.000000000000   3.500000000000   3.046279835657   100.000000000000   0.533954542766   -0.149590506058   0.455075015097   2.018416465835
4.100000000000   15.000000000000   3.500000000000   3.046279835657   100.000000000000   0.534811272629   -0.151555587049   0.456395684333   2.023304856252
4.120000000000   15.000000000000   3.500000000000   3.046279835657   100.000000000000   0.535649316569   -0.153562302728   0.457772254188   2.028482478696
4.140000000000   15.000000000000   3.500000000000   3.046279835657   100.000000000000   0.536468555629   -0.155608454900   0.459202333280   2.033938152637
4.160000000000   15.000000000000   3.500000000000   3.046279835657   100.000000000000   0.537268817357   -0.157691744381   0.460683851352   2.039661354645
4.180000000000   15.000000000000   3.500000000000   3.046279835657   100.000000000000   0.538049878837   -0.159809792722   0.462215025731   2.045642281750
4.200000000000   15.000000000000   3.500000000000   3.046279835657   100.000000000000   0.538811469230   -0.161960127719   0.463794324264   2.051874470523
4.220000000000   15.000000000000   3.500000000000   3.046279835657   100.000000000000   0.539682690895   -0.164140273644   0.465420455452   2.058349969158
4.240000000000   15.000000000000   3.500000000000   3.046279835657   100.000000000000   0.540641408982   -0.166347724701   0.467092335501   2.065059506289
4.260000000000   15.000000000000   3.500000000000   3.046279835657   100.000000000000   0.541582863926   -0.168579911013   0.468809057757   2.071995773515
4.280000000000   15.000000000000   3.500000000000   3.046279835657   100.000000000000   0.542506661274   -0.170834242232   0.470569882540   2.079151886523
4.100000000000   15.000000000000   3.500000000000   3.046279835657   100.000000000000   0.534811272630   -0.151555587065   0.456395684342   2.023304856238
4.200000000000   15.000000000000   3.500000000000   3.046279835657   100.000000000000   0.538811469218   -0.161960127553   0.463794324178   2.051874470632
4.300000000000   15.000000000000   3.500000000000   3.046279835657   100.000000000000   0.543412364446   -0.173108119547   0.472374221620   2.086521362784
4.400000000000   15.000000000000   3.500000000000   3.046279835657   100.000000000000   0.547651357452   -0.185098099688   0.482036934743   2.126364356229
4.500000000000   15.000000000000   3.500000000000   3.046279835657   100.000000000000   0.551349977611   -0.197984249299   0.492765711173   2.170784998912
4.600000000000   15.000000000000   3.500000000000   3.046279835657   100.000000000000   0.554958186078   -0.211838500766   0.504599377608   2.219435631059
4.700000000000   15.000000000000   3.500000000000   3.046279835657   100.000000000000   0.558793832385   -0.226549722921   0.517619229545   2.271986555319
4.800000000000   15.000000000000   3.500000000000   3.046279835657   100.000000000000   0.561848448645   -0.242260436137   0.531945895788   2.328268650066
4.900000000000   15.000000000000   3.500000000000   3.046279835657   100.000000000000   0.563968088226   -0.259175574928   0.547738864589   2.388205086164
5.000000000000   15.000000000000   3.500000000000   3.046279835657   100.000000000000   0.566716895305   -0.277470109950   0.565201779303   2.451804314246
5.100000000000   15.000000000000   3.500000000000   3.046279835657   100.000000000000   0.568381256464   -0.297203558464   0.584584604819   2.519247634761
5.200000000000   15.000000000000   3.500000000000   3.046279835657   100.000000000000   0.568703779400   -0.318608251327   0.606184933163   2.590802984007
5.300000000000   15.000000000000   3.500000000000   3.046279835657   100.000000000000   0.569132728554   -0.341784105155   0.630337497425   2.666863426143
5.400000000000   15.000000000000   3.500000000000   3.046279835657   100.000000000000   0.568455660533   -0.366788723494   0.657390350124   2.747856672436
5.500000000000   15.000000000000   3.500000000000   3.046279835657   100.000000000000   0.566058420624   -0.393716850502   0.687667700360   2.834179694774
5.600000000000   15.000000000000   3.500000000000   3.046279835657   100.000000000000   0.563138130188   -0.423184507377   0.721416814791   2.926139541101
5.700000000000   15.000000000000   3.500000000000   3.046279835657   100.000000000000   0.559278839856   -0.454884741423   0.758757866273   3.023881041567
5.800000000000   15.000000000000   3.500000000000   3.046279835657   100.000000000000   0.553470170529   -0.488954357271   0.799626258570   3.127362615038
5.900000000000   15.000000000000   3.500000000000   3.046279835657   100.000000000000   0.546492615911   -0.525586246433   0.843720796116   3.236333986976
6.000000000000   15.000000000000   3.500000000000   3.046279835657   100.000000000000   0.542250813785   -0.564203917072   0.890462031413   3.350357719526
6.100000000000   15.000000000000   3.500000000000   3.046279835657   100.000000000000   0.549913710196   -0.604966124073   0.938980102350   3.468877536817
6.200000000000   15.000000000000   3.500000000000   3.046279835657   100.000000000000   0.557700919398   -0.646794469897   0.988156587892   3.591368704291
6.300000000000   15.000000000000   3.500000000000   3.046279835657   100.000000000000   0.565585784004   -0.690005791301   1.036780461046   3.717549255010
6.400000000000   15.000000000000   3.500000000000   3.046279835657   100.000000000000   0.573541628759   -0.733350164958   1.083835877040   3.847555625612
6.500000000000   15.000000000000   3.500000000000   3.046279835657   100.000000000000   0.581544528221   -0.776895046629   1.128775471876   3.981916238382
6.600000000000   15.000000000000   3.500000000000   3.046279835657   100.000000000000   0.589573141168   -0.821122181990   1.171576512889   4.121247343128
6.700000000000   15.000000000000   3.500000000000   3.046279835657   100.000000000000   0.597603424644   -0.865552723108   1.212616926110   4.265790110307
6.800000000000   15.000000000000   3.500000000000   3.046279835657   100.000000000000   0.605775263478   -0.910297612560   1.252506431099   4.415002632441
6.900000000000   15.000000000000   3.500000000000   3.046279835657   100.000000000000   0.613992616374   -0.955269724986   1.291889956091   4.567489164704
7.000000000000   15.000000000000   3.500000000000   3.046279835657   100.000000000000   0.622130382536   -1.000454733346   1.331260711647   4.721409613967
7.100000000000   15.000000000000   3.500000000000   3.046279835657   100.000000000000   0.630151332075   -1.045707995669   1.370890760420   4.875140048780
7.200000000000   15.000000000000   3.500000000000   3.046279835657   100.000000000000   0.638030185650   -1.091117392597   1.410913676995   5.027725622461
7.300000000000   15.000000000000   3.500000000000   3.046279835657   100.000000000000   0.645756038567   -1.136608706647   1.451418030161   5.178837410035
7.400000000000   15.000000000000   3.500000000000   3.046279835657   100.000000000000   0.653328281485   -1.182138404706   1.492534644175   5.328540714036
7.500000000000   15.000000000000   3.500000000000   3.046279835657   100.000000000000   0.660754279595   -1.228380582719   1.534617699839   5.477085304494
7.600000000000   15.000000000000   3.500000000000   3.046279835657   100.000000000000   0.668045719826   -1.274191390785   1.578654322595   5.624901745100
7.700000000000   15.000000000000   3.500000000000   3.046279835657   100.000000000000   0.675528503081   -1.319951076279   1.626588628953   5.772586489504
7.800000000000   15.000000000000   3.500000000000   3.046279835657   100.000000000000   0.682881872655   -1.367154242125   1.680712238779   5.920637038427
7.900000000000   15.000000000000   3.500000000000   3.046279835657   100.000000000000   0.690068703233   -1.416719857926   1.741977082404   6.068986621039
8.000000000000   15.000000000000   3.500000000000   3.046279835657   100.000000000000   0.697066473767   -1.468651087619   1.809009380210   6.216907687184
8.100000000000   15.000000000000   3.500000000000   3.046279835657   100.000000000000   0.703878740079   -1.522458913023   1.879230622801   6.363769754392
8.200000000000   15.000000000000   3.500000000000   3.046279835657   100.000000000000   0.710534390523   -1.577893002628   1.950579364950   6.509625445199
8.300000000000   15.000000000000   3.500000000000   3.046279835657   100.000000000000   0.717073278482   -1.634737846098   2.022037937399   6.655341197561
8.400000000000   15.000000000000   3.500000000000   3.046279835657   100.000000000000   0.723529505561   -1.693066898994   2.093299783247   6.802041023072
8.500000000000   15.000000000000   3.500000000000   3.046279835657   100.000000000000   0.729938720207   -1.753301542734   2.164287671391   6.950249561542
8.600000000000   15.000000000000   3.500000000000   3.046279835657   100.000000000000   0.736512735935   -1.815019160969   2.235275504747   7.100429973888
8.700000000000   15.000000000000   3.500000000000   3.046279835657   100.000000000000   0.743017455622   -1.878926347390   2.307908824793   7.253022515397
8.800000000000   15.000000000000   3.500000000000   3.046279835657   100.000000000000   0.749455751003   -1.944805645011   2.382213499105   7.407977877738
8.900000000000   15.000000000000   3.500000000000   3.046279835657   100.000000000000   0.755830183941   -2.016196046310   2.461193565624   7.567547065308
9.000000000000   15.000000000000   3.500000000000   3.046279835657   100.000000000000   0.762151744321   -2.090935869445   2.543421574078   7.731090619465
9.100000000000   15.000000000000   3.500000000000   3.046279835657   100.000000000000   0.768423290663   -2.170903256305   2.631459842269   7.900238858857
9.200000000000   15.000000000000   3.500000000000   3.046279835657   100.000000000000   0.774664548316   -2.255950434396   2.723352828916   8.075121854771
9.300000000000   15.000000000000   3.500000000000   3.046279835657   100.000000000000   0.780867357568   -2.342771742342   2.817202503678   8.252645011224
9.400000000000   15.000000000000   3.500000000000   3.046279835657   100.000000000000   0.787037431013   -2.434298132682   2.914957109394   8.435282301910
9.500000000000   15.000000000000   3.500000000000   3.046279835657   100.000000000000   0.793176475835   -2.528382898005   3.015159397228   8.622859865535
9.600000000000   15.000000000000   3.500000000000   3.046279835657   100.000000000000   0.799265344545   -2.624387148708   3.116377235970   8.812362335225
9.700000000000   15.000000000000   3.500000000000   3.046279835657   100.000000000000   0.805369254194   -2.723011708203   3.220188867296   9.004351894467
9.800000000000   15.000000000000   3.500000000000   3.046279835657   100.000000000000   0.811536782586   -2.824783006429   3.326682174938   9.199749684376
9.900000000000   15.000000000000   3.500000000000   3.046279835657   100.000000000000   0.817650066418   -2.926584450415   3.432976794885   9.396152364300
10.000000000000   15.000000000000   3.500000000000   3.046279835657   100.000000000000   0.823707715056   -3.028226480180   3.537508343055   9.591829314800
10.100000000000   15.000000000000   3.500000000000   3.046279835657   100.000000000000   0.829699798884   -3.132061802046   3.646342775417   9.790137903322
10.200000000000   15.000000000000   3.500000000000   3.046279835657   100.000000000000   0.835621636953   -3.244050175449   3.763033179539   9.993638886255
10.300000000000   15.000000000000   3.500000000000   3.046279835657   100.000000000000   0.841509401194   -3.353147095120   3.875673716266   10.196960794193
10.400000000000   15.000000000000   3.500000000000   3.046279835657   100.000000000000   0.847356319011   -3.462852704612   3.987087918281   10.402283785438
10.500000000000   15.000000000000   3.500000000000   3.046279835657   100.000000000000   0.853150174147   -3.574066471409   4.098520618421   10.608050171577
10.600000000000   15.000000000000   3.500000000000   3.046279835657   100.000000000000   0.858891132241   -3.685741976662   4.210885787229   10.814332156886
10.700000000000   15.000000000000   3.500000000000   3.046279835657   100.000000000000   0.864584182459   -3.799917272329   4.323341438920   11.021560689773
10.800000000000   15.000000000000   3.500000000000   3.046279835657   100.000000000000   0.870233724674   -3.914214865449   4.435354504905   11.228823633616
10.900000000000   15.000000000000   3.500000000000   3.046279835657   100.000000000000   0.875845676392   -4.027767269898   4.545776177228   11.437179842083
11.000000000000   15.000000000000   3.500000000000   3.046279835657   100.000000000000   0.881492276492   -4.142129721470   4.652289137837   11.645330819036
11.100000000000   15.000000000000   3.500000000000   3.046279835657   100.000000000000   0.887207135272   -4.254388266427   4.754503292294   11.854663338774
11.200000000000   15.000000000000   3.500000000000   3.046279835657   100.000000000000   0.892882580024   -4.371063409800   4.861182978546   12.067406804494
11.300000000000   15.000000000000   3.500000000000   3.046279835657   100.000000000000   0.898526633182   -4.494778928517   4.975840209746   12.285271059420
11.400000000000   15.000000000000   3.500000000000   3.046279835657   100.000000000000   0.904167727039   -4.620700511087   5.097417944200   12.506592051186
11.500000000000   15.000000000000   3.500000000000   3.046279835657   100.000000000000   0.909779264778   -4.740003585842   5.208034259276   12.723307642113
11.550000000000   15.000000000000   3.500000000000   3.046279835657   100.000000000000   0.912570702952   -4.798594904539   5.263092507791   12.830138128313
11.600000000000   15.000000000000   3.500000000000   3.046279835657   100.000000000000   0.915359548278   -4.857502057027   5.320199612538   12.936139169722
11.650000000000   15.000000000000   3.500000000000   3.046279835657   100.000000000000   0.918148260836   -4.916706475904   5.379477889106   13.041815682248
11.700000000000   15.000000000000   3.500000000000   3.046279835657   100.000000000000   0.920932936047   -4.978547729131   5.441369094849   13.149646289161
11.750000000000   15.000000000000   3.500000000000   3.046279835657   100.000000000000   0.923720145710   -5.041814645129   5.508578205187   13.256119352152
11.800000000000   15.000000000000   3.500000000000   3.046279835657   100.000000000000   0.926502824556   -5.104627027461   5.574410509614   13.362397291485
11.850000000000   15.000000000000   3.500000000000   3.046279835657   100.000000000000   0.929279767620   -5.166818841605   5.639362415910   13.468371461134
11.900000000000   15.000000000000   3.500000000000   3.046279835657   100.000000000000   0.932054532611   -5.227493524956   5.702130924512   13.572352772459
11.950000000000   15.000000000000   3.500000000000   3.046279835657   100.000000000000   0.934824693731   -5.286813696204   5.763194423169   13.675266685342
12.000000000000   15.000000000000   3.500000000000   3.046279835657   100.000000000000   0.937588906561   -5.344807728433   5.822656177436   13.777342763696
12.050000000000   15.000000000000   3.500000000000   3.046279835657   100.000000000000   0.940347656878   -5.401550597524   5.880934083039   13.878260668422
12.100000000000   15.000000000000   3.500000000000   3.046279835657   100.000000000000   0.943103044247   -5.457144844287   5.938240318238   13.977652966206
12.150000000000   15.000000000000   3.500000000000   3.046279835657   100.000000000000   0.945852951673   -5.511662852324   5.994620588840   14.076125890757
12.200000000000   15.000000000000   3.500000000000   3.046279835657   100.000000000000   0.948596062779   -5.565683538935   6.050139869551   14.174288761977
12.250000000000   15.000000000000   3.500000000000   3.046279835657   100.000000000000   0.951335077867   -5.620751148196   6.105272006112   14.271261797713
12.300000000000   15.000000000000   3.500000000000   3.046279835657   100.000000000000   0.954071525904   -5.675723896995   6.160346933890   14.368469220029
12.350000000000   15.000000000000   3.500000000000   3.046279835657   100.000000000000   0.956808506524   -5.731269141763   6.215883086494   14.467495036764
12.400000000000   15.000000000000   3.500000000000   3.046279835657   100.000000000000   0.959600529770   -5.788880884575   6.273038525207   14.570788231915
12.450000000000   15.000000000000   3.500000000000   3.046279835657   100.000000000000   0.962454041845   -5.855025379445   6.333992148929   14.681954762054
12.500000000000   15.000000000000   3.500000000000   3.046279835657   100.000000000000   0.965381161717   -5.937023656262   6.406686084884   14.820709825650
12.500100000000   15.000000000000   3.500000000000   3.046279835657   100.000000000000   0.965387220087   -5.937250563253   6.406861045737   14.821063637490
12.500200000000   15.000000000000   3.500000000000   3.046279835657   100.000000000000   0.965393280310   -5.937477845290   6.407036223687   14.821418086417
12.512552650693   15.000000000000   3.500000000000   3.046279835657   100.000000000000   0.966164968120   -5.970056161360   6.431095759091   14.873159204206
12.518429998477   15.000000000000   3.500000000000   3.046279835657   100.000000000000   0.966599865384   -5.998720988999   6.449530440011   14.922178044465
12.516247538053   15.000000000000   3.500000000000   3.046279835657   100.000000000000   0.966615388215   -6.021775295052   6.458738360670   14.968255249221
12.503924943994   15.000000000000   3.500000000000   3.046279835657   100.000000000000   0.966097074574   -6.039256556059   6.453662641816   15.008600633352
12.478859991731   15.000000000000   3.500000000000   3.046279835657   100.000000000000   0.964892203017   -6.041190924789   6.426598007794   15.039221354886
12.439543987415   15.000000000000   3.500000000000   3.046279835657   100.000000000000   0.962891873879   -6.022922314151   6.367161474807   15.055523628280
12.394256034530   15.000000000000   3.500000000000   3.046279835657   100.000000000000   0.960516634754   -5.987636756814   6.284289947925   15.055193847605
12.351513697333   15.000000000000   3.500000000000   3.046279835657   100.000000000000   0.958309573070   -5.944780297690   6.196354905592   15.044334971820
12.311926332081   15.000000000000   3.500000000000   3.046279835657   100.000000000000   0.956244401464   -5.899431169483   6.108236254478   15.028487352232
12.274897508061   15.000000000000   3.500000000000   3.046279835657   100.000000000000   0.954298430661   -5.852956925123   6.019997459263   15.009775200515
12.240187163498   15.000000000000   3.500000000000   3.046279835657   100.000000000000   0.952463764161   -5.806831782988   5.931611371734   14.989223375519
12.207827831756   15.000000000000   3.500000000000   3.046279835657   100.000000000000   0.950744296643   -5.760595687654   5.843038079922   14.967407285940
12.177798986801   15.000000000000   3.500000000000   3.046279835657   100.000000000000   0.949141014827   -5.714404442325   5.754245919635   14.944811576737
12.150064265017   15.000000000000   3.500000000000   3.046279835657   100.000000000000   0.947653920961   -5.668445506374   5.665208877224   14.921859261926
12.124580848593   15.000000000000   3.500000000000   3.046279835657   100.000000000000   0.946282465492   -5.622862502301   5.575903265075   14.898940755110
12.101300763345   15.000000000000   3.500000000000   3.046279835657   100.000000000000   0.945025485406   -5.577712839044   5.486356784382   14.876405396344
12.080216824548   15.000000000000   3.500000000000   3.046279835657   100.000000000000   0.943883932948   -5.533093957373   5.396526449931   14.854604440429
12.061366504619   15.000000000000   3.500000000000   3.046279835657   100.000000000000   0.942860971516   -5.489104063389   5.306370747091   14.833885301454
12.044797801602   15.000000000000   3.500000000000   3.046279835657   100.000000000000   0.941960072099   -5.445803395333   5.215880636629   14.814596759169
12.030586446145   15.000000000000   3.500000000000   3.046279835657   100.000000000000   0.941186035487   -5.403259196929   5.125035745897   14.797106494316
12.018837153316   15.000000000000   3.500000000000   3.046279835657   100.000000000000   0.940545063535   -5.361549101577   5.033810358658   14.781812296304
12.009682437758   15.000000000000   3.500000000000   3.046279835657   100.000000000000   0.940044694722   -5.320765972938   4.942177653518   14.769149580435
12.003277533047   15.000000000000   3.500000000000   3.046279835657   100.000000000000   0.939693519294   -5.281022634507   4.850118059182   14.759592727844
11.999791470125   15.000000000000   3.500000000000   3.046279835657   100.000000000000   0.939500675644   -5.242456107059   4.757631868592   14.753649438017
11.999392032369   15.000000000000   3.500000000000   3.046279835657   100.000000000000   0.939475007494   -5.205230086453   4.664756554725   14.751845105427
12.002222322818   15.000000000000   3.500000000000   3.046279835657   100.000000000000   0.939623767822   -5.169533694850   4.571587815434   14.754693694952
12.008367992059   15.000000000000   3.500000000000   3.046279835657   100.000000000000   0.939950833776   -5.135573950470   4.478301027312   14.762652491907
12.017816664433   15.000000000000   3.500000000000   3.046279835657   100.000000000000   0.940454539231   -5.103559261688   4.385166920281   14.776061213459
12.030414761387   15.000000000000   3.500000000000   3.046279835657   100.000000000000   0.941125431831   -5.073715744159   4.292552977922   14.795071285837
12.045832378593   15.000000000000   3.500000000000   3.046279835657   100.000000000000   0.941944545315   -5.046881167738   4.200901308468   14.819579333056
12.063550470865   15.000000000000   3.500000000000   3.046279835657   100.000000000000   0.942882941887   -5.022420741576   4.110677192275   14.849184948841
12.082878637635   15.000000000000   3.500000000000   3.046279835657   100.000000000000   0.943902917415   -5.000203606507   4.022292944015   14.883187227494
12.103007831955   15.000000000000   3.500000000000   3.046279835657   100.000000000000   0.944961012693   -4.979918991222   3.936026187134   14.920629799425
12.123087128706   15.000000000000   3.500000000000   3.046279835657   100.000000000000   0.946012174237   -4.961075012801   3.851962846893   14.960384586931
12.142306799035   15.000000000000   3.500000000000   3.046279835657   100.000000000000   0.947014101237   -4.943025420941   3.769980403650   15.001250855243
12.159980412397   15.000000000000   3.500000000000   3.046279835657   100.000000000000   0.947931426540   -4.925021325321   3.689763854546   15.042063737936
12.175602137315   15.000000000000   3.500000000000   3.046279835657   100.000000000000   0.948738568718   -4.906272908346   3.610849491058   15.081781981484
12.188873046199   15.000000000000   3.500000000000   3.046279835657   100.000000000000   0.949421002149   -4.886025988557   3.532715032347   15.119542588238
12.199706916246   15.000000000000   3.500000000000   3.046279835657   100.000000000000   0.949975481930   -4.864607057601   3.454907808290   15.154700532883
12.208222047632   15.000000000000   3.500000000000   3.046279835657   100.000000000000   0.950409533043   -4.840837210917   3.377137635072   15.186875038693
12.214712994959   15.000000000000   3.500000000000   3.046279835657   100.000000000000   0.950739873718   -4.814435531238   3.299286893224   15.215979170485
12.219584286810   15.000000000000   3.500000000000   3.046279835657   100.000000000000   0.950988820194   -4.785481619465   3.221380013192   15.242181976860
12.223267295583   15.000000000000   3.500000000000   3.046279835657   100.000000000000   0.951179829028   -4.754248914986   3.143539048158   15.265822142911
12.226142932144   15.000000000000   3.500000000000   3.046279835657   100.000000000000   0.951333426549   -4.721127172786   3.065934556306   15.287318020913
12.228477774824   15.000000000000   3.500000000000   3.046279835657   100.000000000000   0.951463890832   -4.686539972181   2.988749781487   15.307056644981
12.230361185205   15.000000000000   3.500000000000   3.046279835657   100.000000000000   0.951576014214   -4.650873681868   2.912166410687   15.325249702735
12.231706211682   15.000000000000   3.500000000000   3.046279835657   100.000000000000   0.951665426869   -4.614532497971   2.836341073624   15.341890178795
12.232293526301   15.000000000000   3.500000000000   3.046279835657   100.000000000000   0.951721277910   -4.578547985785   2.761410849230   15.356792285576
12.231814139745   15.000000000000   3.500000000000   3.046279835657   100.000000000000   0.951728632993   -4.541940739403   2.687514743759   15.369599836871
12.229966161715   15.000000000000   3.500000000000   3.046279835657   100.000000000000   0.951673711653   -4.504578336410   2.614786491744   15.379887998768
12.226543948038   15.000000000000   3.500000000000   3.046279835657   100.000000000000   0.951548545191   -4.466273925620   2.543376168820   15.387300894435
12.221381120295   15.000000000000   3.500000000000   3.046279835657   100.000000000000   0.951347311884   -4.426819769434   2.473386694368   15.391618809249
12.214484547601   15.000000000000   3.500000000000   3.046279835657   100.000000000000   0.951073582247   -4.386183585179   2.405156795180   15.392529541730
12.205953308552   15.000000000000   3.500000000000   3.046279835657   100.000000000000   0.950735347879   -4.344402099795   2.339029106230   15.389769280128
12.195868544118   15.000000000000   3.500000000000   3.046279835657   100.000000000000   0.950338490973   -4.301590034966   2.275313047820   15.383149440956
12.184405412544   15.000000000000   3.500000000000   3.046279835657   100.000000000000   0.949892817564   -4.258216531017   2.214208936181   15.372695638265
12.171916716238   15.000000000000   3.500000000000   3.046279835657   100.000000000000   0.949416917971   -4.215244828708   2.155763345809   15.358935075965
12.158770104916   15.000000000000   3.500000000000   3.046279835657   100.000000000000   0.948929250460   -4.172019826797   2.099922024594   15.342696703218
12.145345729074   15.000000000000   3.500000000000   3.046279835657   100.000000000000   0.948448610226   -4.128799357460   2.046525512901   15.324924093193
12.132072342345   15.000000000000   3.500000000000   3.046279835657   100.000000000000   0.947996670285   -4.085847405478   1.995420898402   15.306661702238
12.119320276074   15.000000000000   3.500000000000   3.046279835657   100.000000000000   0.947592271423   -4.043429955115   1.946579529389   15.288801864968
12.107165770878   15.000000000000   3.500000000000   3.046279835657   100.000000000000   0.947237908575   -4.001706984919   1.899881718289   15.271692041164
12.095447048647   15.000000000000   3.500000000000   3.046279835657   100.000000000000   0.946924173974   -3.960533757610   1.855071762606   15.254949291406
12.084257073291   15.000000000000   3.500000000000   3.046279835657   100.000000000000   0.946653881052   -3.921845387000   1.812554771469   15.239335493472
12.073079631527   15.000000000000   3.500000000000   3.046279835657   100.000000000000   0.946400924843   -3.883684320850   1.771847947778   15.223027877485
12.061532891473   15.000000000000   3.500000000000   3.046279835657   100.000000000000   0.946145612184   -3.845700046047   1.732662909847   15.205510081567
12.049371820762   15.000000000000   3.500000000000   3.046279835657   100.000000000000   0.945874085181   -3.807950939524   1.695025861378   15.186478174687
12.036349952738   15.000000000000   3.500000000000   3.046279835657   100.000000000000   0.945573788007   -3.770197371370   1.658899331419   15.165279809186
12.022384945408   15.000000000000   3.500000000000   3.046279835657   100.000000000000   0.945242996227   -3.732167137831   1.624217341121   15.141543882410
12.007453100646   15.000000000000   3.500000000000   3.046279835657   100.000000000000   0.944880781187   -3.693769997433   1.590837513930   15.115294416779
11.991604378895   15.000000000000   3.500000000000   3.046279835657   100.000000000000   0.944488614194   -3.655855608842   1.558629274285   15.086735888983
11.975251229735   15.000000000000   3.500000000000   3.046279835657   100.000000000000   0.944085158404   -3.618928912474   1.527861617893   15.057046640406
11.958414862731   15.000000000000   3.500000000000   3.046279835657   100.000000000000   0.943670317940   -3.581911142534   1.498389799604   15.025573793221
11.941351404765   15.000000000000   3.500000000000   3.046279835657   100.000000000000   0.943254696057   -3.545072976303   1.470375602009   14.992825283019
11.924155405257   15.000000000000   3.500000000000   3.046279835657   100.000000000000   0.942839038530   -3.508642521484   1.443775666165   14.959233664674
11.906612805683   15.000000000000   3.500000000000   3.046279835657   100.000000000000   0.942412156788   -3.472088944641   1.418148483441   14.924116105311
11.888978679275   15.000000000000   3.500000000000   3.046279835657   100.000000000000   0.941987467600   -3.436974918723   1.393503279830   14.887957318377
11.871816915447   15.000000000000   3.500000000000   3.046279835657   100.000000000000   0.941595775548   -3.402068633051   1.369957133359   14.851831753450
11.855689646076   15.000000000000   3.500000000000   3.046279835657   100.000000000000   0.941266723951   -3.367687230588   1.347552905491   14.816958536237
11.840966778616   15.000000000000   3.500000000000   3.046279835657   100.000000000000   0.941015252439   -3.334365556648   1.326360478457   14.784555588766
11.827640516776   15.000000000000   3.500000000000   3.046279835657   100.000000000000   0.940841348476   -3.302286485188   1.306249004450   14.755275778413
11.815539860578   15.000000000000   3.500000000000   3.046279835657   100.000000000000   0.940740609801   -3.271444817575   1.286887023366   14.728770349336
11.804972713127   15.000000000000   3.500000000000   3.046279835657   100.000000000000   0.940729258206   -3.242773962490   1.268417343114   14.705581195029
11.796327016603   15.000000000000   3.500000000000   3.046279835657   100.000000000000   0.940818269265   -3.215516871111   1.251084773715   14.685783109472
11.789701264980   15.000000000000   3.500000000000   3.046279835657   100.000000000000   0.941006473483   -3.190634887990   1.235129121415   14.670319743271
11.784383620105   15.000000000000   3.500000000000   3.046279835657   100.000000000000   0.941258285192   -3.167007643656   1.219896427179   14.657173915216
11.779498218731   15.000000000000   3.500000000000   3.046279835657   100.000000000000   0.941535802156   -3.143478554488   1.204686933240   14.644626434727
11.774412272581   15.000000000000   3.500000000000   3.046279835657   100.000000000000   0.941804533641   -3.120999217353   1.189526016384   14.632055458762
11.768817166018   15.000000000000   3.500000000000   3.046279835657   100.000000000000   0.942049236704   -3.098265620521   1.174492207247   14.617871699276
11.763241233018   15.000000000000   3.500000000000   3.046279835657   100.000000000000   0.942283629463   -3.076166445172   1.160463313001   14.603555056478
11.758200135467   15.000000000000   3.500000000000   3.046279835657   100.000000000000   0.942539536034   -3.054491380119   1.147366133194   14.589448296274
11.754044107015   15.000000000000   3.500000000000   3.046279835657   100.000000000000   0.942841556567   -3.033325672690   1.135002710280   14.576434747018
11.750710720834   15.000000000000   3.500000000000   3.046279835657   100.000000000000   0.943190345605   -3.012679716947   1.123110301654   14.564755023756
11.747818840742   15.000000000000   3.500000000000   3.046279835657   100.000000000000   0.943560101834   -2.994658783288   1.111982422204   14.555928229729
11.744473230258   15.000000000000   3.500000000000   3.046279835657   100.000000000000   0.943908226110   -2.977452579147   1.100779231644   14.546625321645
11.739906696647   15.000000000000   3.500000000000   3.046279835657   100.000000000000   0.944202452360   -2.960050660279   1.089282978044   14.536131209133
11.733310910499   15.000000000000   3.500000000000   3.046279835657   100.000000000000   0.944414571662   -2.940473754142   1.076930718866   14.521488854350
11.724924194961   15.000000000000   3.500000000000   3.046279835657   100.000000000000   0.944553566954   -2.919102054596   1.064414508060   14.503059226492
11.716463257243   15.000000000000   3.500000000000   3.046279835657   100.000000000000   0.944682761295   -2.898292304838   1.053108086355   14.483822201746
11.708916067879   15.000000000000   3.500000000000   3.046279835657   100.000000000000   0.944853408229   -2.879395735249   1.042910467542   14.465066090965
11.702785881493   15.000000000000   3.500000000000   3.046279835657   100.000000000000   0.945094446782   -2.861355830923   1.033560014875   14.448278370923
11.698083438799   15.000000000000   3.500000000000   3.046279835657   100.000000000000   0.945408345543   -2.844865950992   1.024895136552   14.435190928119
11.694029209457   15.000000000000   3.500000000000   3.046279835657   100.000000000000   0.945764634287   -2.828402186347   1.016165145682   14.423372258994
11.689886144587   15.000000000000   3.500000000000   3.046279835657   100.000000000000   0.946133215131   -2.811532743873   1.007064353259   14.411860260043
11.685137188098   15.000000000000   3.500000000000   3.046279835657   100.000000000000   0.946485570110   -2.795839465624   0.997739832055   14.401667774204
11.678831218598   15.000000000000   3.500000000000   3.046279835657   100.000000000000   0.946761031632   -2.779497644612   0.987662183625   14.388744978343
11.670315273745   15.000000000000   3.500000000000   3.046279835657   100.000000000000   0.946950017119   -2.760907847389   0.976561726325   14.372009724769
11.659939979077   15.000000000000   3.500000000000   3.046279835657   100.000000000000   0.947062051657   -2.740534547967   0.964978266857   14.352159382066
11.649074840950   15.000000000000   3.500000000000   3.046279835657   100.000000000000   0.947155120478   -2.719915675249   0.953784028222   14.331097400929
11.639920102551   15.000000000000   3.500000000000   3.046279835657   100.000000000000   0.947350382038   -2.702717440415   0.944195442853   14.313094853506
11.633469295401   15.000000000000   3.500000000000   3.046279835657   100.000000000000   0.947733908377   -2.688711801902   0.936414733537   14.297803328933
11.628995842119   15.000000000000   3.500000000000   3.046279835657   100.000000000000   0.948365963947   -2.672505047964   0.928119010621   14.271661879206
NaN   15.000000000000   3.500000000000   3.046279835657   100.000000000000   NaN   NaN   NaN   NaN
NaN   15.000000000000   3.500000000000   3.046279835657   100.000000000000   NaN   NaN   NaN   NaN
NaN   15.000000000000   3.500000000000   3.046279835657   100.000000000000   NaN   NaN   NaN   NaN
NaN   15.000000000000   3.500000000000   3.046279835657   100.000000000000   NaN   NaN   NaN   NaN
NaN   15.000000000000   3.500000000000   3.046279835657   100.000000000000   NaN   NaN   NaN   NaN
NaN   15.000000000000   3.500000000000   3.046279835657   100.000000000000   NaN   NaN   NaN   NaN
NaN   15.000000000000   3.500000000000   3.046279835657   100.000000000000   NaN   NaN   NaN   NaN
NaN   15.000000000000   3.500000000000   3.046279835657   100.000000000000   NaN   NaN   NaN   NaN
NaN   15.000000000000   3.500000000000   3.046279835657   100.000000000000   NaN   NaN   NaN   NaN
NaN   15.000000000000   3.500000000000   3.046279835657   100.000000000000   NaN   NaN   NaN   NaN
NaN   15.000000000000   3.500000000000   3.046279835657   100.000000000000   NaN   NaN   NaN   NaN
NaN   15.000000000000   3.500000000000   3.046279835657   100.000000000000   NaN   NaN   NaN   NaN
NaN   15.000000000000   3.500000000000   3.046279835657   100.000000000000   NaN   NaN   NaN   NaN
NaN   15.000000000000   3.500000000000   3.046279835657   100.000000000000   NaN   NaN   NaN   NaN
NaN   15.000000000000   3.500000000000   3.046279835657   100.000000000000   NaN   NaN   NaN   NaN
11.628900000000   15.000000000000   3.500000000000   3.046279835657   100.000000000000   0.948390557736   -2.671904079444   0.927834560924   14.270312703939
11.628800000000   15.000000000000   3.500000000000   3.046279835657   100.000000000000   0.948417575093   -2.671245089569   0.927523655934   14.268813971135
11.628644185710   15.000000000000   3.500000000000   3.046279835657   100.000000000000   0.948462824272   -2.670133478915   0.927002567310   14.266274178148
11.628508243029   15.000000000000   3.500000000000   3.046279835657   100.000000000000   0.948506055209   -2.669036609978   0.926495446151   14.263831564022
11.628389452739   15.000000000000   3.500000000000   3.046279835657   100.000000000000   0.948547801475   -2.667904296965   0.925984240023   14.261500576502
11.628286678659   15.000000000000   3.500000000000   3.046279835657   100.000000000000   0.948589425334   -2.666661565587   0.925441956700   14.259295357656
11.628203026512   15.000000000000   3.500000000000   3.046279835657   100.000000000000   0.948632928292   -2.665232880870   0.924841634465   14.257257335286
11.628146965268   15.000000000000   3.500000000000   3.046279835657   100.000000000000   0.948679459702   -2.663617584389   0.924183942558   14.255480093475
11.628125737757   15.000000000000   3.500000000000   3.046279835657   100.000000000000   0.948728459470   -2.661916507252   0.923505098459   14.254056939386
11.628139212400   15.000000000000   3.500000000000   3.046279835657   100.000000000000   0.948778980878   -2.660241804127   0.922843089417   14.253014220731
11.628181897617   15.000000000000   3.500000000000   3.046279835657   100.000000000000   0.948830168064   -2.658667030572   0.922221685728   14.252327370836
11.628246289047   15.000000000000   3.500000000000   3.046279835657   100.000000000000   0.948881190486   -2.657223528141   0.921650384568   14.251935477778
11.628326103980   15.000000000000   3.500000000000   3.046279835657   100.000000000000   0.948931043277   -2.655966432873   0.921149166327   14.251889388902
11.628410313340   15.000000000000   3.500000000000   3.046279835657   100.000000000000   0.948975694110   -2.655028857890   0.920770526406   14.252309862072
11.628496665733   15.000000000000   3.500000000000   3.046279835657   100.000000000000   0.949018191498   -2.654165644906   0.920420911152   14.252760738208
11.628585695968   15.000000000000   3.500000000000   3.046279835657   100.000000000000   0.949059164352   -2.653371679305   0.920098258031   14.253290744246
11.628675830365   15.000000000000   3.500000000000   3.046279835657   100.000000000000   0.949098209880   -2.652647750340   0.919803361987   14.253898060649
11.628766040318   15.000000000000   3.500000000000   3.046279835657   100.000000000000   0.949135110889   -2.651989639660   0.919534990475   14.254578912631
11.628855595212   15.000000000000   3.500000000000   3.046279835657   100.000000000000   0.949169714167   -2.651393160082   0.919291824847   14.255331836366
11.628943932647   15.000000000000   3.500000000000   3.046279835657   100.000000000000   0.949201900222   -2.650855381070   0.919072930009   14.256157996457
11.629030596189   15.000000000000   3.500000000000   3.046279835657   100.000000000000   0.949231585317   -2.650374612203   0.918877744875   14.257060248137
11.629115227756   15.000000000000   3.500000000000   3.046279835657   100.000000000000   0.949258741245   -2.649949780762   0.918705839101   14.258041667260
11.629197606191   15.000000000000   3.500000000000   3.046279835657   100.000000000000   0.949283426223   -2.649579423075   0.918556523471   14.259103837746
11.629277722972   15.000000000000   3.500000000000   3.046279835657   100.000000000000   0.949305821934   -2.649264118715   0.918428360130   14.260245082173
11.629355885202   15.000000000000   3.500000000000   3.046279835657   100.000000000000   0.949326272966   -2.649034135779   0.918318603041   14.261458763949
11.629432841377   15.000000000000   3.500000000000   3.046279835657   100.000000000000   0.949345329286   -2.648834321515   0.918222561036   14.262731630882
11.629509950264   15.000000000000   3.500000000000   3.046279835657   100.000000000000   0.949363805304   -2.648648439653   0.918132747793   14.264041723649
11.629589498600   15.000000000000   3.500000000000   3.046279835657   100.000000000000   0.949382908492   -2.648450243584   0.918037257743   14.265354045528
11.629675637044   15.000000000000   3.500000000000   3.046279835657   100.000000000000   0.949404655936   -2.648192783810   0.917914957453   14.266606560225
11.629779325864   15.000000000000   3.500000000000   3.046279835657   100.000000000000   0.949434135463   -2.647751814681   0.917710003561   14.267632737175
11.629872405054   15.000000000000   3.500000000000   3.046279835657   100.000000000000   0.949458042864   -2.647455664845   0.917569845944   14.268859747264
11.629869663263   15.000000000000   3.500000000000   3.046279835657   100.000000000000   0.949436452085   -2.648269029832   0.917932508086   14.271556483571
11.629888610110   15.000000000000   3.500000000000   3.046279835657   100.000000000000   0.949425921561   -2.648756267908   0.918154092756   14.273646228412
11.629922877058   15.000000000000   3.500000000000   3.046279835657   100.000000000000   0.949420775422   -2.649096480577   0.918315032773   14.275608683977
11.629972858641   15.000000000000   3.500000000000   3.046279835657   100.000000000000   0.949421342369   -2.649275421375   0.918409583147   14.277423406816
11.630039569754   15.000000000000   3.500000000000   3.046279835657   100.000000000000   0.949428225289   -2.649273881843   0.918429204132   14.279061423089
11.630123827360   15.000000000000   3.500000000000   3.046279835657   100.000000000000   0.949441898726   -2.649079487658   0.918367609719   14.280499014812
11.630225900609   15.000000000000   3.500000000000   3.046279835657   100.000000000000   0.949462519782   -2.648692222195   0.918223211253   14.281724504716
11.630345460928   15.000000000000   3.500000000000   3.046279835657   100.000000000000   0.949489894173   -2.648124866048   0.917999527254   14.282740855093
11.630481731074   15.000000000000   3.500000000000   3.046279835657   100.000000000000   0.949523573579   -2.647399189149   0.917703811400   14.283563358073
11.630633692007   15.000000000000   3.500000000000   3.046279835657   100.000000000000   0.949563010615   -2.646540629978   0.917344931798   14.284214234589
11.630800248501   15.000000000000   3.500000000000   3.046279835657   100.000000000000   0.949607703021   -2.645574018505   0.916931523489   14.284716932036
11.630980346662   15.000000000000   3.500000000000   3.046279835657   100.000000000000   0.949657315028   -2.644521218550   0.916470749134   14.285091503013
11.631173115465   15.000000000000   3.500000000000   3.046279835657   100.000000000000   0.949711838367   -2.643400257691   0.915967297675   14.285350070751
11.631378281312   15.000000000000   3.500000000000   3.046279835657   100.000000000000   0.949772068109   -2.642224905685   0.915421101297   14.285486095314
11.631599669616   15.000000000000   3.500000000000   3.046279835657   100.000000000000   0.949843502865   -2.640997723656   0.914807697730   14.285385060195
11.631813356952   15.000000000000   3.500000000000   3.046279835657   100.000000000000   0.949886220198   -2.639693001733   0.914300562747   14.286013042830
11.632005610453   15.000000000000   3.500000000000   3.046279835657   100.000000000000   0.949927198769   -2.638502355633   0.913820129026   14.286383323739
11.632213328999   15.000000000000   3.500000000000   3.046279835657   100.000000000000   0.949975277695   -2.637225336766   0.913280566295   14.286626572208
11.632429341182   15.000000000000   3.500000000000   3.046279835657   100.000000000000   0.950027727774   -2.635902684940   0.912704573012   14.286788676182
11.632650588742   15.000000000000   3.500000000000   3.046279835657   100.000000000000   0.950083538379   -2.634549601899   0.912100555750   14.286893006212
11.632874724839   15.000000000000   3.500000000000   3.046279835657   100.000000000000   0.950142197655   -2.633176479614   0.911473431722   14.286952155980
11.633099747817   15.000000000000   3.500000000000   3.046279835657   100.000000000000   0.950203516024   -2.631791786588   0.910826253669   14.286972438978
11.633323771400   15.000000000000   3.500000000000   3.046279835657   100.000000000000   0.950267650110   -2.630404822863   0.910160958530   14.286954521193
11.633544681102   15.000000000000   3.500000000000   3.046279835657   100.000000000000   0.950335498643   -2.629032156847   0.909478724073   14.286888775858
11.633756339804   15.000000000000   3.500000000000   3.046279835657   100.000000000000   0.950415841505   -2.627786320375   0.908777715607   14.286659414028
11.634031009800   15.000000000000   3.500000000000   3.046279835657   100.000000000000   0.950468925112   -2.625675819231   0.907914047318   14.286916159752
11.634238946253   15.000000000000   3.500000000000   3.046279835657   100.000000000000   0.950523689427   -2.624110710129   0.907201547169   14.286942985988
11.634437151852   15.000000000000   3.500000000000   3.046279835657   100.000000000000   0.950582017464   -2.622586419964   0.906480025631   14.286918110803
11.634627675166   15.000000000000   3.500000000000   3.046279835657   100.000000000000   0.950644889031   -2.621081757115   0.905739201708   14.286849131733
11.634807124647   15.000000000000   3.500000000000   3.046279835657   100.000000000000   0.950713569066   -2.619631734618   0.904985489852   14.286726980330
11.634967069816   15.000000000000   3.500000000000   3.046279835657   100.000000000000   0.950791687197   -2.618351790372   0.904242058455   14.286509458640
11.635068466846   15.000000000000   3.500000000000   3.046279835657   100.000000000000   0.950883298944   -2.617748795489   0.903657020269   14.286020192768
